0 0.05837004405286344 0.3040674603174603 0.019273127753303965 0.007936507936507936
0 0.06993392070484582 0.31299603174603174 0.019273127753303965 0.009672619047619048
0 0.08149779735682819 0.3400297619047619 0.019273127753303965 0.005208333333333333
0 0.08920704845814978 0.3472222222222222 0.012665198237885462 0.00818452380952381
0 0.10572687224669604 0.35044642857142855 0.022026431718061675 0.008432539682539682
0 0.14977973568281938 0.2876984126984127 0.012665198237885462 0.007688492063492063
0 0.1657488986784141 0.2881944444444444 0.022026431718061675 0.00818452380952381
0 0.18502202643171806 0.31572420634920634 0.018722466960352423 0.00992063492063492
0 0.20044052863436124 0.2864583333333333 0.016519823788546256 0.01066468253968254
0 0.21806167400881057 0.283234126984127 0.019273127753303965 0.009176587301587302
0 0.22081497797356828 0.2916666666666667 0.022577092511013214 0.00992063492063492
0 0.23898678414096916 0.23635912698412698 0.010462555066079295 0.008432539682539682
0 0.24008810572687225 0.28249007936507936 0.020374449339207047 0.009672619047619048
0 0.24559471365638766 0.2993551587301587 0.01762114537444934 0.012896825396825396
0 0.28469162995594716 0.07316468253968254 0.022577092511013214 0.007936507936507936
0 0.29515418502202645 0.06746031746031746 0.021475770925110133 0.008432539682539682
0 0.30176211453744495 0.07911706349206349 0.01817180616740088 0.009176587301587302
0 0.31442731277533037 0.07068452380952381 0.022577092511013214 0.010168650793650794
0 0.46145374449339205 0.3993055555555556 0.01762114537444934 0.009176587301587302
0 0.47026431718061673 0.41443452380952384 0.015418502202643172 0.009424603174603174
0 0.5236784140969163 0.41790674603174605 0.015418502202643172 0.007688492063492063
0 0.6640969162995595 0.28422619047619047 0.019823788546255508 0.009672619047619048
0 0.724669603524229 0.2728174603174603 0.015418502202643172 0.006448412698412698
0 0.8204845814977973 0.5079365079365079 0.012114537444933921 0.005456349206349206
0 0.8722466960352423 0.3635912698412698 0.013766519823788546 0.006944444444444444
0 0.887114537444934 0.31473214285714285 0.019823788546255508 0.010168650793650794
0 0.8981277533039648 0.32018849206349204 0.016519823788546256 0.010168650793650794
