0 0.02477973568281938 0.0882936507936508 0.013215859030837005 0.006944444444444444
0 0.19548458149779735 0.1817956349206349 0.017070484581497798 0.00992063492063492
0 0.22522026431718062 0.17807539682539683 0.015418502202643172 0.006944444444444444
0 0.3766519823788546 0.36160714285714285 0.023127753303964757 0.00992063492063492
0 0.381057268722467 0.37028769841269843 0.025330396475770924 0.011160714285714286
0 0.4107929515418502 0.3335813492063492 0.011563876651982379 0.008680555555555556
0 0.4779735682819383 0.09275793650793651 0.016519823788546256 0.007192460317460317
0 0.5176211453744494 0.3159722222222222 0.019823788546255508 0.00818452380952381
0 0.5297356828193832 0.3559027777777778 0.025330396475770924 0.014384920634920634
0 0.5401982378854625 0.3187003968253968 0.02643171806167401 0.01066468253968254
0 0.5484581497797357 0.3566468253968254 0.017070484581497798 0.012648809523809524
0 0.5605726872246696 0.32341269841269843 0.0236784140969163 0.011408730158730158
0 0.5649779735682819 0.361359126984127 0.02643171806167401 0.00992063492063492
0 0.5776431718061674 0.3541666666666667 0.021475770925110133 0.008928571428571428
0 0.5798458149779736 0.32514880952380953 0.018722466960352423 0.010912698412698412
0 0.6150881057268722 0.345734126984127 0.025330396475770924 0.011656746031746032
0 0.6294052863436124 0.32787698412698413 0.01486784140969163 0.007192460317460317
0 0.8034140969162996 0.11210317460317461 0.020374449339207047 0.011904761904761904
0 0.8045154185022027 0.09970238095238096 0.01817180616740088 0.01240079365079365
0 0.8188325991189427 0.10466269841269842 0.014317180616740088 0.009672619047619048
0 0.8656387665198237 0.5716765873015873 0.019823788546255508 0.004712301587301587
