0 0.05726872246696035 0.21254960317460317 0.01486784140969163 0.006944444444444444
0 0.2973568281938326 0.3628472222222222 0.012114537444933921 0.005952380952380952
0 0.45594713656387664 0.35639880952380953 0.014317180616740088 0.006696428571428571
0 0.4669603524229075 0.32490079365079366 0.013215859030837005 0.006944444444444444
0 0.4741189427312775 0.3648313492063492 0.015418502202643172 0.00744047619047619
0 0.5055066079295154 0.3253968253968254 0.013215859030837005 0.005456349206349206
0 0.539647577092511 0.5927579365079365 0.009361233480176211 0.004712301587301587
0 0.6464757709251101 0.26884920634920634 0.013766519823788546 0.006448412698412698
0 0.651431718061674 0.1691468253968254 0.013766519823788546 0.005704365079365079
0 0.6530837004405287 0.17212301587301587 0.012665198237885462 0.005704365079365079
0 0.6563876651982379 0.3117559523809524 0.011563876651982379 0.006944444444444444
0 0.6585903083700441 0.3055555555555556 0.013766519823788546 0.00744047619047619
0 0.6662995594713657 0.31101190476190477 0.012665198237885462 0.007688492063492063
0 0.6696035242290749 0.31473214285714285 0.01486784140969163 0.006944444444444444
0 0.7053964757709251 0.2854662698412698 0.012114537444933921 0.005456349206349206
0 0.7070484581497798 0.29117063492063494 0.012665198237885462 0.006448412698412698
0 0.7615638766519823 0.3033234126984127 0.013215859030837005 0.005952380952380952
0 0.7786343612334802 0.28447420634920634 0.011563876651982379 0.005704365079365079
0 0.9394273127753304 0.5069444444444444 0.011013215859030838 0.004712301587301587
