0 0.00248015873015873 0.8465608465608465 0.005208333333333333 0.014219576719576719
0 0.008680555555555556 0.828042328042328 0.012152777777777778 0.015873015873015872
0 0.01314484126984127 0.6851851851851852 0.007192460317460317 0.012235449735449735
0 0.014136904761904762 0.8171296296296297 0.011904761904761904 0.012566137566137565
0 0.018601190476190476 0.605489417989418 0.008680555555555556 0.009259259259259259
0 0.018849206349206348 0.6825396825396826 0.00496031746031746 0.007605820105820105
0 0.02132936507936508 0.49702380952380953 0.009176587301587302 0.013888888888888888
0 0.023313492063492064 0.6746031746031746 0.008680555555555556 0.00958994708994709
0 0.031001984126984128 0.8882275132275133 0.013640873015873016 0.016534391534391533
0 0.032242063492063495 0.6078042328042328 0.01240079365079365 0.01521164021164021
0 0.03993055555555555 0.6041666666666666 0.007688492063492063 0.010582010582010581
0 0.04389880952380952 0.5978835978835979 0.008928571428571428 0.011574074074074073
0 0.04538690476190476 0.7146164021164021 0.007192460317460317 0.012235449735449735
0 0.05530753968253968 0.595568783068783 0.008680555555555556 0.014219576719576719
0 0.06820436507936507 0.49537037037037035 0.009672619047619048 0.006283068783068783
0 0.08110119047619048 0.5049603174603174 0.00744047619047619 0.005952380952380952
0 0.08308531746031746 0.9917328042328042 0.016865079365079364 0.015873015873015872
0 0.08382936507936507 0.6967592592592593 0.01240079365079365 0.01488095238095238
0 0.08878968253968254 0.6107804232804233 0.015128968253968254 0.02017195767195767
0 0.09102182539682539 0.6898148148148148 0.010168650793650794 0.011243386243386243
0 0.09722222222222222 0.5879629629629629 0.010416666666666666 0.012896825396825396
0 0.10441468253968254 0.5929232804232805 0.01240079365079365 0.01521164021164021
0 0.11061507936507936 0.7837301587301587 0.019097222222222224 0.025793650793650792
0 0.11383928571428571 0.7377645502645502 0.015873015873015872 0.028439153439153438
0 0.1267361111111111 0.5056216931216931 0.01314484126984127 0.018518518518518517
0 0.12822420634920634 0.7123015873015873 0.009424603174603174 0.01488095238095238
0 0.12896825396825398 0.5456349206349206 0.009424603174603174 0.011243386243386243
0 0.13690476190476192 0.7146164021164021 0.008432539682539682 0.011243386243386243
0 0.13839285714285715 0.8508597883597884 0.020337301587301588 0.027777777777777776
0 0.14260912698412698 0.9305555555555556 0.021081349206349208 0.027777777777777776
0 0.15004960317460317 0.7900132275132276 0.020337301587301588 0.025793650793650792
0 0.16691468253968253 0.7893518518518519 0.017361111111111112 0.026124338624338623
0 0.1671626984126984 0.6805555555555556 0.011160714285714286 0.011574074074074073
0 0.17212301587301587 0.5727513227513228 0.007688492063492063 0.012235449735449735
0 0.18625992063492064 0.4818121693121693 0.007688492063492063 0.010912698412698412
0 0.2088293650793651 0.9444444444444444 0.012648809523809524 0.01917989417989418
0 0.21329365079365079 0.691468253968254 0.00496031746031746 0.00958994708994709
0 0.21378968253968253 0.7334656084656085 0.006448412698412698 0.007605820105820105
0 0.21502976190476192 0.7450396825396826 0.005704365079365079 0.006613756613756613
0 0.21676587301587302 0.6765873015873016 0.008432539682539682 0.011243386243386243
0 0.22371031746031747 0.6752645502645502 0.007192460317460317 0.00992063492063492
0 0.24280753968253968 0.4322089947089947 0.011904761904761904 0.01521164021164021
0 0.2452876984126984 0.4887566137566138 0.00992063492063492 0.011904761904761904
0 0.24851190476190477 0.6279761904761905 0.00818452380952381 0.007936507936507936
0 0.25148809523809523 0.4775132275132275 0.012648809523809524 0.010582010582010581
0 0.2554563492063492 0.6203703703703703 0.009672619047619048 0.00958994708994709
0 0.2564484126984127 0.9289021164021164 0.011160714285714286 0.008267195767195767
0 0.2571924603174603 0.43816137566137564 0.008928571428571428 0.012896825396825396
0 0.25818452380952384 0.5396825396825397 0.01066468253968254 0.01521164021164021
0 0.27033730158730157 0.9279100529100529 0.00744047619047619 0.006283068783068783
0 0.2708333333333333 0.53505291005291 0.011904761904761904 0.008928571428571428
0 0.2728174603174603 0.6931216931216931 0.014136904761904762 0.023148148148148147
0 0.2847222222222222 0.8862433862433863 0.009672619047619048 0.01488095238095238
0 0.2896825396825397 0.7648809523809523 0.009424603174603174 0.01521164021164021
0 0.2899305555555556 0.8187830687830688 0.007688492063492063 0.021164021164021163
0 0.29389880952380953 0.6825396825396826 0.004464285714285714 0.005952380952380952
0 0.2943948412698413 0.9914021164021164 0.01488095238095238 0.016865079365079364
0 0.2958829365079365 0.7053571428571429 0.01240079365079365 0.018187830687830687
0 0.29910714285714285 0.546957671957672 0.010416666666666666 0.010582010582010581
0 0.3053075396825397 0.8065476190476191 0.013640873015873016 0.01521164021164021
0 0.30580357142857145 0.9857804232804233 0.00818452380952381 0.012235449735449735
0 0.30952380952380953 0.5241402116402116 0.007688492063492063 0.00992063492063492
0 0.3132440476190476 0.6941137566137566 0.007936507936507936 0.013558201058201057
0 0.31994047619047616 0.09623015873015874 0.007192460317460317 0.011904761904761904
0 0.3211805555555556 0.13955026455026456 0.004216269841269841 0.008597883597883597
0 0.3211805555555556 0.6696428571428571 0.004712301587301587 0.007275132275132275
0 0.32490079365079366 0.5972222222222222 0.012896825396825396 0.01984126984126984
0 0.326140873015873 0.7721560846560847 0.006944444444444444 0.011904761904761904
0 0.32762896825396826 0.13260582010582012 0.006200396825396825 0.01025132275132275
0 0.33209325396825395 0.11838624338624339 0.009176587301587302 0.01521164021164021
0 0.3325892857142857 0.7357804232804233 0.006200396825396825 0.00958994708994709
0 0.3353174603174603 0.4087301587301587 0.005208333333333333 0.012235449735449735
0 0.33581349206349204 0.3343253968253968 0.00744047619047619 0.010912698412698412
0 0.3395337301587302 0.7397486772486772 0.007192460317460317 0.006944444444444444
0 0.3400297619047619 0.22585978835978837 0.007192460317460317 0.01025132275132275
0 0.3479662698412698 0.4791666666666667 0.019345238095238096 0.027777777777777776
0 0.3492063492063492 0.5555555555555556 0.014384920634920634 0.017526455026455025
0 0.36433531746031744 0.5588624338624338 0.009176587301587302 0.01025132275132275
0 0.36507936507936506 0.23082010582010581 0.004464285714285714 0.006283068783068783
0 0.3678075396825397 0.2371031746031746 0.006696428571428571 0.01025132275132275
0 0.3742559523809524 0.22552910052910052 0.003720238095238095 0.006283068783068783
0 0.37549603174603174 0.09292328042328042 0.008432539682539682 0.01521164021164021
0 0.3774801587301587 0.27314814814814814 0.006448412698412698 0.008597883597883597
0 0.38169642857142855 0.8349867724867724 0.00992063492063492 0.016203703703703703
0 0.38492063492063494 0.7595899470899471 0.006944444444444444 0.01025132275132275
0 0.3861607142857143 0.49272486772486773 0.015873015873015872 0.023478835978835978
0 0.38740079365079366 0.3888888888888889 0.007936507936507936 0.009259259259259259
0 0.38938492063492064 0.45205026455026454 0.00818452380952381 0.007605820105820105
0 0.39112103174603174 0.830026455026455 0.009672619047619048 0.01455026455026455
0 0.392609126984127 0.7552910052910053 0.011656746031746032 0.015542328042328041
0 0.39360119047619047 0.2900132275132275 0.003968253968253968 0.005952380952380952
0 0.3943452380952381 0.16832010582010581 0.007688492063492063 0.008928571428571428
0 0.3943452380952381 0.2261904761904762 0.004216269841269841 0.005291005291005291
0 0.39558531746031744 0.1875 0.00496031746031746 0.007605820105820105
0 0.3970734126984127 0.1531084656084656 0.005208333333333333 0.005952380952380952
0 0.3975694444444444 0.3680555555555556 0.009424603174603174 0.012566137566137565
0 0.3975694444444444 0.8713624338624338 0.010168650793650794 0.015873015873015872
0 0.3998015873015873 0.6213624338624338 0.013640873015873016 0.01917989417989418
0 0.4007936507936508 0.37665343915343913 0.010168650793650794 0.016203703703703703
0 0.4025297619047619 0.18683862433862433 0.006448412698412698 0.008928571428571428
0 0.4037698412698413 0.3419312169312169 0.008680555555555556 0.01455026455026455
0 0.4055059523809524 0.1984126984126984 0.005952380952380952 0.011574074074074073
0 0.40625 0.609457671957672 0.004216269841269841 0.011243386243386243
0 0.40773809523809523 0.1884920634920635 0.00496031746031746 0.00992063492063492
0 0.4107142857142857 0.2919973544973545 0.005704365079365079 0.008928571428571428
0 0.41790674603174605 0.17691798941798942 0.010168650793650794 0.011904761904761904
0 0.41865079365079366 0.1875 0.004464285714285714 0.00958994708994709
0 0.42038690476190477 0.18683862433862433 0.005704365079365079 0.009259259259259259
0 0.42137896825396826 0.5205026455026455 0.016617063492063492 0.02546296296296296
0 0.42212301587301587 0.8201058201058201 0.00744047619047619 0.010582010582010581
0 0.42485119047619047 0.2820767195767196 0.00496031746031746 0.006283068783068783
0 0.42509920634920634 0.4176587301587302 0.007688492063492063 0.012235449735449735
0 0.43005952380952384 0.3776455026455027 0.01066468253968254 0.015873015873015872
0 0.4303075396825397 0.5033068783068783 0.014384920634920634 0.021825396825396824
0 0.4312996031746032 0.8445767195767195 0.010168650793650794 0.015873015873015872
0 0.43154761904761907 0.1779100529100529 0.008432539682539682 0.01488095238095238
0 0.43427579365079366 0.5284391534391535 0.00992063492063492 0.02414021164021164
0 0.43973214285714285 0.1626984126984127 0.005456349206349206 0.011904761904761904
0 0.44543650793650796 0.421957671957672 0.009672619047619048 0.012896825396825396
0 0.44543650793650796 0.9950396825396826 0.008680555555555556 0.008597883597883597
0 0.4476686507936508 0.1841931216931217 0.004712301587301587 0.012566137566137565
0 0.4479166666666667 0.1593915343915344 0.005456349206349206 0.013888888888888888
0 0.44915674603174605 0.18287037037037038 0.006200396825396825 0.012896825396825396
0 0.455109126984127 0.25496031746031744 0.008432539682539682 0.010912698412698412
0 0.45610119047619047 0.4176587301587302 0.006448412698412698 0.01521164021164021
0 0.46056547619047616 0.4183201058201058 0.009424603174603174 0.011904761904761904
0 0.47346230158730157 0.011904761904761904 0.007688492063492063 0.011574074074074073
0 0.47867063492063494 0.531084656084656 0.01314484126984127 0.01951058201058201
0 0.48387896825396826 0.42063492063492064 0.005704365079365079 0.00992063492063492
0 0.49007936507936506 0.9107142857142857 0.010416666666666666 0.018849206349206348
0 0.4913194444444444 0.7483465608465608 0.010416666666666666 0.017195767195767195
0 0.4945436507936508 0.8234126984126984 0.008928571428571428 0.012566137566137565
0 0.4947916666666667 0.542989417989418 0.008928571428571428 0.013558201058201057
0 0.4965277777777778 0.6590608465608465 0.010416666666666666 0.01521164021164021
0 0.5052083333333334 0.6593915343915344 0.00818452380952381 0.010912698412698412
0 0.5081845238095238 0.8971560846560847 0.00992063492063492 0.016534391534391533
0 0.5096726190476191 0.41798941798941797 0.007688492063492063 0.01521164021164021
0 0.5109126984126984 0.40046296296296297 0.010168650793650794 0.015542328042328041
0 0.5133928571428571 0.0710978835978836 0.008680555555555556 0.011904761904761904
0 0.5203373015873016 0.31812169312169314 0.010168650793650794 0.008597883597883597
0 0.5208333333333334 0.3994708994708995 0.011160714285714286 0.015542328042328041
0 0.5233134920634921 0.38591269841269843 0.010416666666666666 0.015542328042328041
0 0.5240575396825397 0.2698412698412698 0.005456349206349206 0.006283068783068783
0 0.5250496031746031 0.09093915343915344 0.00744047619047619 0.01951058201058201
0 0.5324900793650794 0.6117724867724867 0.011160714285714286 0.017195767195767195
0 0.5349702380952381 0.5922619047619048 0.009672619047619048 0.015873015873015872
0 0.5396825396825397 0.9454365079365079 0.008432539682539682 0.015542328042328041
0 0.5409226190476191 0.8257275132275133 0.006696428571428571 0.013888888888888888
0 0.5421626984126984 0.3333333333333333 0.00992063492063492 0.01455026455026455
0 0.5434027777777778 0.2708333333333333 0.004464285714285714 0.005621693121693121
0 0.5434027777777778 0.9203042328042328 0.00992063492063492 0.011243386243386243
0 0.5436507936507936 0.265542328042328 0.004464285714285714 0.005291005291005291
0 0.5438988095238095 0.1001984126984127 0.005704365079365079 0.011904761904761904
0 0.5478670634920635 0.5456349206349206 0.011160714285714286 0.016865079365079364
0 0.5520833333333334 0.04861111111111111 0.005456349206349206 0.00992063492063492
0 0.5555555555555556 0.6597222222222222 0.01240079365079365 0.015542328042328041
0 0.5592757936507936 0.7840608465608465 0.007936507936507936 0.010912698412698412
0 0.5622519841269841 0.6517857142857143 0.011160714285714286 0.015542328042328041
0 0.5662202380952381 0.8353174603174603 0.008432539682539682 0.011574074074074073
0 0.5682043650793651 0.06646825396825397 0.006200396825396825 0.009259259259259259
0 0.5709325396825397 0.7906746031746031 0.005704365079365079 0.00958994708994709
0 0.5719246031746031 0.4408068783068783 0.005208333333333333 0.006944444444444444
0 0.5734126984126984 0.054563492063492064 0.00818452380952381 0.015542328042328041
0 0.5922619047619048 0.771494708994709 0.011160714285714286 0.01488095238095238
0 0.6014384920634921 0.30158730158730157 0.004712301587301587 0.00496031746031746
0 0.6063988095238095 0.30423280423280424 0.005208333333333333 0.006613756613756613
0 0.6088789682539683 0.3948412698412698 0.006448412698412698 0.011904761904761904
0 0.6091269841269841 0.2876984126984127 0.004712301587301587 0.006613756613756613
0 0.6098710317460317 0.30423280423280424 0.003720238095238095 0.007605820105820105
0 0.6324404761904762 0.9874338624338624 0.008680555555555556 0.013227513227513227
0 0.6376488095238095 0.030753968253968252 0.008432539682539682 0.013888888888888888
0 0.642609126984127 0.4080687830687831 0.00818452380952381 0.010912698412698412
0 0.6436011904761905 0.34226190476190477 0.00744047619047619 0.010912698412698412
0 0.6465773809523809 0.4470899470899471 0.007192460317460317 0.014219576719576719
0 0.6475694444444444 0.35284391534391535 0.00744047619047619 0.013558201058201057
0 0.6483134920634921 0.42956349206349204 0.005952380952380952 0.012235449735449735
0 0.6500496031746031 0.9117063492063492 0.009176587301587302 0.022156084656084655
0 0.6512896825396826 0.2509920634920635 0.010416666666666666 0.017857142857142856
0 0.6530257936507936 0.4103835978835979 0.008432539682539682 0.011243386243386243
0 0.6574900793650794 0.42493386243386244 0.008680555555555556 0.00992063492063492
0 0.6604662698412699 0.9083994708994709 0.005456349206349206 0.011904761904761904
0 0.6674107142857143 0.8660714285714286 0.00992063492063492 0.020833333333333332
0 0.6693948412698413 0.8812830687830688 0.00818452380952381 0.011574074074074073
0 0.6711309523809523 0.4437830687830688 0.005952380952380952 0.007936507936507936
0 0.6713789682539683 0.39186507936507936 0.008928571428571428 0.014219576719576719
0 0.6721230158730159 0.37863756613756616 0.010416666666666666 0.013888888888888888
0 0.6755952380952381 0.4437830687830688 0.004216269841269841 0.006944444444444444
0 0.6785714285714286 0.7000661375661376 0.01066468253968254 0.010582010582010581
0 0.6788194444444444 0.751984126984127 0.004216269841269841 0.010912698412698412
0 0.6812996031746031 0.654431216931217 0.009672619047619048 0.011243386243386243
0 0.6830357142857143 0.5833333333333334 0.009424603174603174 0.014219576719576719
0 0.6837797619047619 0.707010582010582 0.00744047619047619 0.01488095238095238
0 0.6860119047619048 0.5152116402116402 0.011160714285714286 0.01521164021164021
0 0.6875 0.6071428571428571 0.011160714285714286 0.015542328042328041
0 0.6882440476190477 0.7483465608465608 0.01066468253968254 0.01488095238095238
0 0.6904761904761905 0.6491402116402116 0.00992063492063492 0.008928571428571428
0 0.6956845238095238 0.7086640211640212 0.010416666666666666 0.011904761904761904
0 0.6966765873015873 0.3568121693121693 0.009424603174603174 0.012235449735449735
0 0.6999007936507936 0.6620370370370371 0.011408730158730158 0.01521164021164021
0 0.7016369047619048 0.2698412698412698 0.005208333333333333 0.010582010582010581
0 0.7041170634920635 0.27215608465608465 0.005952380952380952 0.009259259259259259
0 0.7080853174603174 0.48743386243386244 0.008432539682539682 0.011243386243386243
0 0.7080853174603174 0.7886904761904762 0.006448412698412698 0.006613756613756613
0 0.7095734126984127 0.9332010582010583 0.006448412698412698 0.006283068783068783
0 0.7113095238095238 0.3630952380952381 0.009176587301587302 0.01521164021164021
0 0.7127976190476191 0.2843915343915344 0.00992063492063492 0.01455026455026455
0 0.714781746031746 0.4123677248677249 0.006200396825396825 0.011904761904761904
0 0.7165178571428571 0.9153439153439153 0.006944444444444444 0.007605820105820105
0 0.7172619047619048 0.4246031746031746 0.009672619047619048 0.01455026455026455
0 0.7177579365079365 0.9295634920634921 0.01240079365079365 0.022486772486772486
0 0.7185019841269841 0.9933862433862434 0.015128968253968254 0.012566137566137565
0 0.720734126984127 0.4054232804232804 0.010416666666666666 0.012896825396825396
0 0.7229662698412699 0.9117063492063492 0.012896825396825396 0.017857142857142856
0 0.7271825396825397 0.6421957671957672 0.011408730158730158 0.01488095238095238
0 0.7281746031746031 0.6583994708994709 0.008928571428571428 0.012896825396825396
0 0.7294146825396826 0.5962301587301587 0.008432539682539682 0.01521164021164021
0 0.7311507936507936 0.21494708994708994 0.006696428571428571 0.010912698412698412
0 0.7311507936507936 0.4169973544973545 0.008928571428571428 0.011243386243386243
0 0.7326388888888888 0.5621693121693122 0.01066468253968254 0.015542328042328041
0 0.7346230158730159 0.27645502645502645 0.007192460317460317 0.00958994708994709
0 0.7368551587301587 0.42162698412698413 0.006448412698412698 0.008928571428571428
0 0.7368551587301587 0.7172619047619048 0.01314484126984127 0.017857142857142856
0 0.7375992063492064 0.44775132275132273 0.008928571428571428 0.01455026455026455
0 0.7415674603174603 0.4246031746031746 0.011160714285714286 0.012566137566137565
0 0.7418154761904762 0.7354497354497355 0.011656746031746032 0.017857142857142856
0 0.7430555555555556 0.7496693121693122 0.012896825396825396 0.017195767195767195
0 0.7435515873015873 0.4166666666666667 0.006696428571428571 0.007936507936507936
0 0.746031746031746 0.5333994708994709 0.01066468253968254 0.011904761904761904
0 0.7470238095238095 0.791005291005291 0.011904761904761904 0.018187830687830687
0 0.748015873015873 0.7166005291005291 0.006944444444444444 0.011904761904761904
0 0.7492559523809523 0.6838624338624338 0.012896825396825396 0.018849206349206348
0 0.7542162698412699 0.28075396825396826 0.009672619047619048 0.008597883597883597
0 0.7542162698412699 0.5320767195767195 0.008432539682539682 0.00992063492063492
0 0.7559523809523809 0.4732142857142857 0.005456349206349206 0.006613756613756613
0 0.7571924603174603 0.20767195767195767 0.011160714285714286 0.013888888888888888
0 0.7574404761904762 0.06084656084656084 0.005952380952380952 0.011574074074074073
0 0.7611607142857143 0.6742724867724867 0.009176587301587302 0.011243386243386243
0 0.7628968253968254 0.21792328042328044 0.008680555555555556 0.011574074074074073
0 0.7633928571428571 0.5529100529100529 0.005456349206349206 0.01521164021164021
0 0.7688492063492064 0.6755952380952381 0.007936507936507936 0.012566137566137565
0 0.7703373015873016 0.09887566137566138 0.005456349206349206 0.007936507936507936
0 0.7757936507936508 0.45535714285714285 0.006200396825396825 0.007936507936507936
0 0.7782738095238095 0.5595238095238095 0.009672619047619048 0.013888888888888888
0 0.7827380952380952 0.4801587301587302 0.005456349206349206 0.006613756613756613
0 0.7834821428571429 0.06316137566137567 0.007192460317460317 0.015873015873015872
0 0.7899305555555556 0.04398148148148148 0.00818452380952381 0.010582010582010581
0 0.7936507936507936 0.3723544973544973 0.006448412698412698 0.008597883597883597
0 0.8045634920634921 0.6640211640211641 0.009672619047619048 0.00958994708994709
0 0.8100198412698413 0.4685846560846561 0.006448412698412698 0.011243386243386243
0 0.8132440476190477 0.20502645502645503 0.008432539682539682 0.011904761904761904
0 0.8172123015873016 0.39285714285714285 0.00992063492063492 0.010912698412698412
0 0.8201884920634921 0.1960978835978836 0.009424603174603174 0.010912698412698412
0 0.8303571428571429 0.6041666666666666 0.014384920634920634 0.010912698412698412
0 0.8335813492063492 0.3644179894179894 0.007192460317460317 0.010912698412698412
0 0.8345734126984127 0.5968915343915344 0.011656746031746032 0.011904761904761904
0 0.8412698412698413 0.6111111111111112 0.012648809523809524 0.017195767195767195
0 0.8420138888888888 0.5300925925925926 0.009672619047619048 0.012235449735449735
0 0.8422619047619048 0.6355820105820106 0.011656746031746032 0.016534391534391533
0 0.8432539682539683 0.2843915343915344 0.00744047619047619 0.008928571428571428
0 0.8494543650793651 0.34755291005291006 0.00818452380952381 0.00992063492063492
0 0.8509424603174603 0.6709656084656085 0.006448412698412698 0.007605820105820105
0 0.8519345238095238 0.6772486772486772 0.007936507936507936 0.008267195767195767
0 0.8534226190476191 0.6861772486772487 0.009424603174603174 0.012235449735449735
0 0.859375 0.44642857142857145 0.009176587301587302 0.010912698412698412
0 0.863343253968254 0.656415343915344 0.01314484126984127 0.021494708994708994
0 0.8643353174603174 0.5763888888888888 0.012152777777777778 0.011904761904761904
0 0.8645833333333334 0.5244708994708994 0.012648809523809524 0.016534391534391533
0 0.8697916666666666 0.4183201058201058 0.008680555555555556 0.011904761904761904
0 0.8697916666666666 0.6087962962962963 0.008928571428571428 0.008597883597883597
0 0.8732638888888888 0.4209656084656085 0.006696428571428571 0.010912698412698412
0 0.8737599206349206 0.3723544973544973 0.007688492063492063 0.007936507936507936
0 0.8747519841269841 0.5426587301587301 0.012152777777777778 0.015873015873015872
0 0.8767361111111112 0.38293650793650796 0.007688492063492063 0.012566137566137565
0 0.8779761904761905 0.2251984126984127 0.006944444444444444 0.01025132275132275
0 0.8787202380952381 0.5076058201058201 0.011656746031746032 0.015542328042328041
0 0.8792162698412699 0.671957671957672 0.007192460317460317 0.011904761904761904
0 0.8856646825396826 0.6121031746031746 0.011656746031746032 0.017195767195767195
0 0.8883928571428571 0.21329365079365079 0.007688492063492063 0.00992063492063492
0 0.8923611111111112 0.49702380952380953 0.00992063492063492 0.012896825396825396
0 0.8936011904761905 0.3621031746031746 0.007192460317460317 0.011574074074074073
0 0.8973214285714286 0.6167328042328042 0.01314484126984127 0.018187830687830687
0 0.9040178571428571 0.49503968253968256 0.012648809523809524 0.017195767195767195
0 0.9050099206349206 0.6749338624338624 0.012152777777777778 0.01488095238095238
0 0.9064980158730159 0.16137566137566137 0.003224206349206349 0.004298941798941799
0 0.9099702380952381 0.5016534391534392 0.011656746031746032 0.016865079365079364
0 0.9149305555555556 0.037698412698412696 0.007192460317460317 0.008597883597883597
0 0.9248511904761905 0.09556878306878307 0.005952380952380952 0.007936507936507936
0 0.9288194444444444 0.4619708994708995 0.012152777777777778 0.01488095238095238
0 0.9494047619047619 0.484457671957672 0.006944444444444444 0.00496031746031746
0 0.9526289682539683 0.04398148148148148 0.006200396825396825 0.008597883597883597
0 0.9558531746031746 0.38525132275132273 0.00818452380952381 0.007605820105820105
0 0.9699900793650794 0.5165343915343915 0.006696428571428571 0.01025132275132275
0 0.9813988095238095 0.748015873015873 0.01066468253968254 0.013558201058201057
0 0.9853670634920635 0.4351851851851852 0.014136904761904762 0.015542328042328041
0 0.9866071428571429 0.4011243386243386 0.006696428571428571 0.010582010582010581
0 0.9933035714285714 0.41865079365079366 0.008680555555555556 0.01025132275132275
