0 0.07929515418502203 0.4273313492063492 0.04185022026431718 0.019345238095238096
0 0.11123348017621146 0.46056547619047616 0.04129955947136564 0.017609126984126984
0 0.12334801762114538 0.4965277777777778 0.025881057268722467 0.007192460317460317
0 0.18502202643171806 0.36259920634920634 0.03579295154185022 0.01711309523809524
0 0.27973568281938327 0.3804563492063492 0.034140969162995596 0.016121031746031748
0 0.44493392070484583 0.4662698412698413 0.030837004405286344 0.01488095238095238
0 0.6046255506607929 0.42981150793650796 0.028083700440528634 0.01488095238095238
0 0.6216960352422908 0.4176587301587302 0.0302863436123348 0.014384920634920634
0 0.6272026431718062 0.44221230158730157 0.031938325991189426 0.012896825396825396
0 0.6288546255506607 0.43154761904761907 0.028634361233480177 0.01488095238095238
0 0.6723568281938326 0.3353174603174603 0.0302863436123348 0.015128968253968254
0 0.7422907488986784 0.4357638888888889 0.021475770925110133 0.01240079365079365
0 0.7522026431718062 0.408234126984127 0.028634361233480177 0.014136904761904762
0 0.7604625550660793 0.3948412698412698 0.02753303964757709 0.012896825396825396
0 0.7615638766519823 0.4444444444444444 0.03303964757709251 0.013392857142857142
0 0.7946035242290749 0.1827876984126984 0.023127753303964757 0.011904761904761904
0 0.8006607929515418 0.1736111111111111 0.025881057268722467 0.011656746031746032
0 0.8050660792951542 0.40054563492063494 0.022577092511013214 0.012648809523809524
0 0.823237885462555 0.41691468253968256 0.02643171806167401 0.01066468253968254
0 0.8243392070484582 0.40848214285714285 0.028083700440528634 0.012896825396825396
