0 0.17896458149779737 0.42336317460317463 0.04515418502202643 0.020337301587301588
0 0.21393162995594714 0.4556052380952381 0.04350237885462555 0.019345238095238096
0 0.22687224669603523 0.49280761904761905 0.028634361233480177 0.010416666666666666
0 0.26899770925110134 0.3560268253968254 0.03909674008810573 0.018105079365079366
0 0.3692179735682819 0.3699157142857143 0.03359013215859031 0.018105079365079366
0 0.5443281057268722 0.4507688888888889 0.02918484581497797 0.015624920634920634
0 0.6935573568281939 0.408854126984127 0.02257691629955947 0.021081269841269845
0 0.6998900440528635 0.3976934920634921 0.009911894273127754 0.014633015873015874
0 0.7164096607929515 0.3967014285714286 0.023127691629955947 0.016617142857142858
0 0.7213655947136564 0.41009428571428574 0.03193833920704846 0.016617142857142858
0 0.7216409735682819 0.42137888888888886 0.03359031718061674 0.014384920634920634
0 0.7530285550660792 0.309771746031746 0.03469153744493392 0.015376984126984126
0 0.8386563259911894 0.4105903174603175 0.027533162995594714 0.014633015873015874
0 0.8444383964757709 0.3821925396825397 0.03359031718061674 0.01636904761904762
0 0.8502201718061674 0.41964285714285715 0.022026471365638768 0.013888888888888888
0 0.8515967709251101 0.3685515873015873 0.030286361233480174 0.013888888888888888
0 0.8557268634361234 0.1474453968253968 0.025330427312775326 0.012152857142857144
0 0.8612335550660793 0.13777285714285717 0.028634383259911897 0.014633015873015874
0 0.9179515638766519 0.37983634920634923 0.03193833920704846 0.015128888888888888
0 0.9185023215859031 0.3892609523809524 0.03193833920704846 0.011656825396825398
0 0.9369494581497797 0.40203380952380957 0.026982405286343613 0.01636904761904762
