0 0.2370593832599119 0.3433779365079365 0.01927330396475771 0.007688571428571429
0 0.44080387665198234 0.17807539682539683 0.011564052863436125 0.005952380952380952
0 0.4862336563876652 0.3351934920634921 0.018722466960352423 0.00868063492063492
0 0.7111783480176211 0.286582380952381 0.012665066079295153 0.00868063492063492
0 0.7128303259911895 0.2787698412698413 0.015969022026431717 0.008432539682539682
0 0.7210902158590308 0.2848461904761905 0.01707053744493392 0.00868063492063492
0 0.7249449295154186 0.28856650793650795 0.019273273127753305 0.010664603174603174
0 0.7632158017621146 0.2554563492063492 0.01541855947136564 0.008432539682539682
0 0.7637665594713656 0.25421619047619043 0.014317044052863437 0.005952380952380952
0 0.7640419383259912 0.26252476190476187 0.014867801762114538 0.007192380952380952
0 0.7656939162995595 0.26165682539682544 0.01707053744493392 0.008432539682539682
0 0.7670705154185022 0.2611606349206349 0.014317044052863437 0.006944444444444444
0 0.850495550660793 0.2552082539682539 0.014867801762114538 0.006944444444444444
