0 0.0402046783625731 0.3020833333333333 0.01023391812865497 0.007949561403508772
0 0.0625 0.1318530701754386 0.015350877192982455 0.011239035087719298
0 0.08150584795321637 0.9366776315789473 0.011330409356725146 0.014802631578947368
0 0.09100877192982457 0.46655701754385964 0.009868421052631578 0.00932017543859649
0 0.09247076023391813 0.8911732456140351 0.008771929824561403 0.00932017543859649
0 0.09539473684210527 0.8629385964912281 0.014985380116959063 0.015076754385964912
0 0.10087719298245613 0.8911732456140351 0.008406432748538011 0.008223684210526315
0 0.1301169590643275 0.39610745614035087 0.016812865497076022 0.010142543859649123
0 0.13998538011695907 0.9229714912280702 0.01425438596491228 0.013980263157894737
0 0.1615497076023392 0.7330043859649122 0.010964912280701754 0.009594298245614035
0 0.18311403508771928 0.5238486842105263 0.013888888888888888 0.010142543859649123
0 0.1875 0.8643092105263158 0.013888888888888888 0.01343201754385965
0 0.18859649122807018 0.7494517543859649 0.014985380116959063 0.014802631578947368
0 0.18896198830409358 0.9051535087719298 0.01023391812865497 0.009868421052631578
0 0.19371345029239767 0.5254934210526315 0.011695906432748537 0.011239035087719298
0 0.19846491228070176 0.8898026315789473 0.012792397660818713 0.01206140350877193
0 0.20942982456140352 0.9569627192982456 0.009868421052631578 0.009594298245614035
0 0.2222222222222222 0.4605263157894737 0.0062134502923976605 0.005208333333333333
0 0.22660818713450293 0.649671052631579 0.019736842105263157 0.010416666666666666
0 0.22880116959064328 0.9273574561403509 0.01827485380116959 0.015076754385964912
0 0.23062865497076024 0.9070723684210527 0.013523391812865496 0.009868421052631578
0 0.23538011695906433 0.9451754385964912 0.013888888888888888 0.013706140350877192
0 0.23866959064327486 0.17489035087719298 0.010599415204678362 0.009594298245614035
0 0.23976608187134502 0.7724780701754386 0.01864035087719298 0.012335526315789474
0 0.2412280701754386 0.9216008771929824 0.013523391812865496 0.007675438596491228
0 0.24744152046783627 0.9295504385964912 0.013157894736842105 0.015350877192982455
0 0.2507309941520468 0.5202850877192983 0.012426900584795321 0.007949561403508772
0 0.2543859649122807 0.6814692982456141 0.010964912280701754 0.01206140350877193
0 0.2595029239766082 0.7505482456140351 0.009868421052631578 0.008771929824561403
0 0.2595029239766082 0.7889254385964912 0.021198830409356724 0.01206140350877193
0 0.26096491228070173 0.8497807017543859 0.015716374269005847 0.015076754385964912
0 0.26133040935672514 0.08744517543859649 0.01864035087719298 0.017269736842105265
0 0.26133040935672514 0.8634868421052632 0.01425438596491228 0.013980263157894737
0 0.26498538011695905 0.8774671052631579 0.01644736842105263 0.015350877192982455
0 0.26644736842105265 0.8248355263157895 0.023026315789473683 0.020285087719298246
0 0.2679093567251462 0.8519736842105263 0.010964912280701754 0.012609649122807017
0 0.27595029239766083 0.9569627192982456 0.013157894736842105 0.01343201754385965
0 0.28764619883040937 0.9174890350877193 0.01644736842105263 0.015899122807017545
0 0.3194444444444444 0.7086074561403509 0.011695906432748537 0.009868421052631578
0 0.329312865497076 0.7020285087719298 0.014619883040935672 0.01343201754385965
0 0.3402777777777778 0.9155701754385965 0.01644736842105263 0.015350877192982455
0 0.3516081871345029 0.8481359649122807 0.014619883040935672 0.011513157894736841
0 0.35562865497076024 0.7913925438596491 0.021198830409356724 0.021655701754385966
0 0.37646198830409355 0.768640350877193 0.013888888888888888 0.010142543859649123
0 0.39071637426900585 0.12472587719298246 0.017543859649122806 0.01699561403508772
0 0.39985380116959063 0.6387061403508771 0.01827485380116959 0.017543859649122806
0 0.40131578947368424 0.9254385964912281 0.013888888888888888 0.013157894736842105
0 0.40460526315789475 0.2680921052631579 0.012792397660818713 0.008771929824561403
0 0.410453216374269 0.9183114035087719 0.013888888888888888 0.013980263157894737
0 0.41264619883040937 0.22669956140350878 0.006578947368421052 0.008223684210526315
0 0.4163011695906433 0.9605263157894737 0.014985380116959063 0.015076754385964912
0 0.4243421052631579 0.08854166666666667 0.017909356725146198 0.01699561403508772
0 0.42616959064327486 0.07976973684210527 0.01608187134502924 0.010964912280701754
0 0.42616959064327486 0.5953947368421053 0.01206140350877193 0.008771929824561403
0 0.4301900584795322 0.421875 0.01023391812865497 0.011239035087719298
0 0.43567251461988304 0.6595394736842105 0.012792397660818713 0.011513157894736841
0 0.45760233918128657 0.23876096491228072 0.011695906432748537 0.00849780701754386
0 0.5014619883040936 0.5526315789473685 0.019371345029239765 0.010964912280701754
0 0.518640350877193 0.6795504385964912 0.013523391812865496 0.009868421052631578
0 0.52046783625731 0.6677631578947368 0.014619883040935672 0.014528508771929825
0 0.528874269005848 0.6603618421052632 0.011330409356725146 0.007675438596491228
0 0.5296052631578947 0.6855811403508771 0.01206140350877193 0.013980263157894737
0 0.5358187134502924 0.6672149122807017 0.011330409356725146 0.011239035087719298
0 0.5405701754385965 0.27960526315789475 0.010599415204678362 0.007675438596491228
0 0.569078947368421 0.9322916666666666 0.01425438596491228 0.011513157894736841
0 0.5752923976608187 0.2746710526315789 0.008771929824561403 0.006853070175438596
0 0.5815058479532164 0.665296052631579 0.012426900584795321 0.009046052631578948
0 0.610014619883041 0.9196820175438597 0.019005847953216373 0.014802631578947368
0 0.6633771929824561 0.34402412280701755 0.008771929824561403 0.008223684210526315
0 0.7072368421052632 0.6282894736842105 0.009868421052631578 0.006853070175438596
0 0.7200292397660819 0.38843201754385964 0.011695906432748537 0.00849780701754386
0 0.7269736842105263 0.37582236842105265 0.01023391812865497 0.008223684210526315
0 0.7284356725146199 0.6392543859649122 0.013157894736842105 0.010964912280701754
0 0.7309941520467836 0.7099780701754386 0.006578947368421052 0.006030701754385965
0 0.7324561403508771 0.5400219298245614 0.017909356725146198 0.012609649122807017
0 0.7372076023391813 0.7069627192982456 0.00804093567251462 0.007675438596491228
0 0.7383040935672515 0.2930372807017544 0.010964912280701754 0.008223684210526315
0 0.7383040935672515 0.7549342105263158 0.013888888888888888 0.011787280701754386
0 0.7394005847953217 0.7661732456140351 0.013157894736842105 0.011239035087719298
0 0.7441520467836257 0.5570175438596491 0.012792397660818713 0.010964912280701754
0 0.7744883040935673 0.3637609649122807 0.01206140350877193 0.007949561403508772
0 0.7752192982456141 0.3826754385964912 0.01206140350877193 0.00932017543859649
0 0.7763157894736842 0.8511513157894737 0.009137426900584795 0.010142543859649123
0 0.7814327485380117 0.3618421052631579 0.01206140350877193 0.007401315789473684
0 0.7861842105263158 0.7124451754385965 0.013888888888888888 0.011787280701754386
0 0.7869152046783626 0.8582785087719298 0.008771929824561403 0.008223684210526315
0 0.7997076023391813 0.6696820175438597 0.009502923976608187 0.00849780701754386
0 0.8000730994152047 0.6258223684210527 0.013888888888888888 0.00932017543859649
0 0.8015350877192983 0.5274122807017544 0.01608187134502924 0.01343201754385965
0 0.8022660818713451 0.8209978070175439 0.010964912280701754 0.009594298245614035
0 0.8048245614035088 0.5444078947368421 0.009868421052631578 0.009046052631578948
0 0.8092105263157895 0.5175438596491229 0.01864035087719298 0.014802631578947368
0 0.8150584795321637 0.36211622807017546 0.0062134502923976605 0.008771929824561403
0 0.8212719298245614 0.7774122807017544 0.01206140350877193 0.010142543859649123
0 0.8216374269005848 0.6535087719298246 0.01206140350877193 0.009594298245614035
0 0.8220029239766082 0.6247258771929824 0.012426900584795321 0.012883771929824562
0 0.8230994152046783 0.3637609649122807 0.012426900584795321 0.010142543859649123
0 0.8241959064327485 0.7864583333333334 0.010964912280701754 0.008223684210526315
0 0.8285818713450293 0.36156798245614036 0.010599415204678362 0.00849780701754386
0 0.8293128654970761 0.6230811403508771 0.019005847953216373 0.013980263157894737
0 0.8315058479532164 0.7727521929824561 0.009502923976608187 0.007401315789473684
0 0.8318713450292398 0.5252192982456141 0.019371345029239765 0.015899122807017545
0 0.8380847953216374 0.3508771929824561 0.013888888888888888 0.009594298245614035
0 0.8402777777777778 0.37966008771929827 0.012426900584795321 0.008771929824561403
0 0.8410087719298246 0.6271929824561403 0.015350877192982455 0.011513157894736841
0 0.8516081871345029 0.34731359649122806 0.01425438596491228 0.008223684210526315
0 0.8669590643274854 0.36896929824561403 0.011330409356725146 0.009868421052631578
0 0.868421052631579 0.36019736842105265 0.012426900584795321 0.008771929824561403
0 0.8691520467836257 0.7648026315789473 0.011695906432748537 0.010416666666666666
0 0.8702485380116959 0.48163377192982454 0.007309941520467836 0.006578947368421052
0 0.8764619883040936 0.5416666666666666 0.014985380116959063 0.013157894736842105
0 0.8793859649122807 0.6880482456140351 0.012792397660818713 0.010142543859649123
0 0.8819444444444444 0.5027412280701754 0.019005847953216373 0.012883771929824562
0 0.8819444444444444 0.5934758771929824 0.009502923976608187 0.005482456140350877
0 0.8819444444444444 0.6587171052631579 0.011695906432748537 0.008223684210526315
0 0.8874269005847953 0.5317982456140351 0.014985380116959063 0.013706140350877192
0 0.893640350877193 0.6578947368421053 0.012792397660818713 0.00932017543859649
0 0.9016812865497076 0.5279605263157895 0.01644736842105263 0.01206140350877193
0 0.9108187134502924 0.5487938596491229 0.012792397660818713 0.010142543859649123
0 0.9163011695906432 0.5293311403508771 0.019371345029239765 0.01206140350877193
0 0.9210526315789473 0.5482456140350878 0.008406432748538011 0.006304824561403508
0 0.9243421052631579 0.5830592105263158 0.008771929824561403 0.006578947368421052
0 0.9269005847953217 0.44627192982456143 0.013888888888888888 0.01206140350877193
0 0.9323830409356725 0.5677083333333334 0.013523391812865496 0.011239035087719298
0 0.9342105263157895 0.596765350877193 0.009868421052631578 0.00712719298245614
0 0.9378654970760234 0.503015350877193 0.013888888888888888 0.01069078947368421
0 0.9378654970760234 0.5441337719298246 0.014619883040935672 0.00712719298245614
0 0.939327485380117 0.4512061403508772 0.012426900584795321 0.010416666666666666
0 0.9528508771929824 0.45148026315789475 0.013523391812865496 0.010142543859649123
0 0.9656432748538012 0.5995065789473685 0.012792397660818713 0.010416666666666666
0 0.9714912280701754 0.59375 0.009868421052631578 0.00849780701754386
0 0.981359649122807 0.5638706140350878 0.01608187134502924 0.008223684210526315
