0 0.0043859649122807015 0.9725877192982456 0.008771929824561403 0.013157894736842105
0 0.005116959064327485 0.987390350877193 0.010599415204678362 0.013980263157894737
0 0.006578947368421052 0.32839912280701755 0.013157894736842105 0.020833333333333332
0 0.009868421052631578 0.6510416666666666 0.02010233918128655 0.021107456140350877
0 0.01425438596491228 0.4440789473684211 0.019736842105263157 0.015899122807017545
0 0.019005847953216373 0.5005482456140351 0.010599415204678362 0.010416666666666666
0 0.021929824561403508 0.49917763157894735 0.009137426900584795 0.011239035087719298
0 0.025219298245614034 0.6729714912280702 0.027046783625730993 0.02055921052631579
0 0.03326023391812866 0.6016995614035088 0.028143274853801168 0.020833333333333332
0 0.04057017543859649 0.6581688596491229 0.025950292397660817 0.01343201754385965
0 0.04678362573099415 0.7872807017543859 0.02887426900584795 0.02275219298245614
0 0.0581140350877193 0.5816885964912281 0.025219298245614034 0.016721491228070175
0 0.06761695906432749 0.6636513157894737 0.0266812865497076 0.019736842105263157
0 0.07346491228070176 0.7286184210526315 0.010599415204678362 0.009046052631578948
0 0.07711988304093567 0.9262609649122807 0.009502923976608187 0.007401315789473684
0 0.08187134502923976 0.5424890350877193 0.01644736842105263 0.012335526315789474
0 0.08223684210526316 0.7357456140350878 0.013157894736842105 0.012609649122807017
0 0.08296783625730994 0.6847587719298246 0.016812865497076022 0.013157894736842105
0 0.09685672514619884 0.4076206140350877 0.023026315789473683 0.015350877192982455
0 0.0983187134502924 0.5361842105263158 0.015350877192982455 0.011513157894736841
0 0.1027046783625731 0.8445723684210527 0.01644736842105263 0.013980263157894737
0 0.11293859649122807 0.12966008771929824 0.014985380116959063 0.012609649122807017
0 0.11586257309941521 0.6082785087719298 0.014619883040935672 0.01069078947368421
0 0.12280701754385964 0.5964912280701754 0.01425438596491228 0.010964912280701754
0 0.12280701754385964 0.6943530701754386 0.017909356725146198 0.013980263157894737
0 0.12682748538011696 0.5296052631578947 0.013888888888888888 0.007401315789473684
0 0.13523391812865498 0.47231359649122806 0.016812865497076022 0.013980263157894737
0 0.13559941520467836 0.5550986842105263 0.013523391812865496 0.01069078947368421
0 0.13669590643274854 0.7930372807017544 0.009868421052631578 0.009046052631578948
0 0.1440058479532164 0.5679824561403509 0.013523391812865496 0.010142543859649123
0 0.14619883040935672 0.7908442982456141 0.012792397660818713 0.009046052631578948
0 0.16337719298245615 0.5797697368421053 0.007309941520467836 0.004934210526315789
0 0.1739766081871345 0.5882675438596491 0.006578947368421052 0.008223684210526315
0 0.17763157894736842 0.5819627192982456 0.007675438596491228 0.005756578947368421
0 0.18969298245614036 0.5646929824561403 0.014985380116959063 0.012609649122807017
0 0.21052631578947367 0.33278508771929827 0.023391812865497075 0.01617324561403509
0 0.21089181286549707 0.5882675438596491 0.014985380116959063 0.012335526315789474
0 0.2240497076023392 0.5849780701754386 0.012426900584795321 0.009868421052631578
0 0.22514619883040934 0.7179276315789473 0.014985380116959063 0.012883771929824562
0 0.23830409356725146 0.2513706140350877 0.029605263157894735 0.022478070175438597
0 0.24305555555555555 0.4849232456140351 0.03179824561403509 0.02412280701754386
0 0.2448830409356725 0.5962171052631579 0.008771929824561403 0.0030153508771929823
0 0.24671052631578946 0.7258771929824561 0.013157894736842105 0.012335526315789474
0 0.24744152046783627 0.8966557017543859 0.009502923976608187 0.008771929824561403
0 0.2638888888888889 0.7976973684210527 0.011695906432748537 0.011787280701754386
0 0.26973684210526316 0.7634320175438597 0.010599415204678362 0.007949561403508772
0 0.27046783625730997 0.7881030701754386 0.012792397660818713 0.008223684210526315
0 0.2733918128654971 0.22121710526315788 0.027412280701754384 0.016721491228070175
0 0.27558479532163743 0.49698464912280704 0.020833333333333332 0.015076754385964912
0 0.27558479532163743 0.7760416666666666 0.010599415204678362 0.010416666666666666
0 0.27923976608187134 0.5049342105263158 0.013157894736842105 0.00932017543859649
0 0.27997076023391815 0.7801535087719298 0.008406432748538011 0.012335526315789474
0 0.28252923976608185 0.5169956140350878 0.021198830409356724 0.01781798245614035
0 0.2949561403508772 0.524671052631579 0.01644736842105263 0.007949561403508772
0 0.31140350877192985 0.7639802631578947 0.010599415204678362 0.009868421052631578
0 0.31798245614035087 0.5180921052631579 0.025219298245614034 0.020833333333333332
0 0.3190789473684211 0.45778508771929827 0.02010233918128655 0.017269736842105265
0 0.34649122807017546 0.7678179824561403 0.01023391812865497 0.006578947368421052
0 0.3673245614035088 0.5696271929824561 0.017543859649122806 0.015076754385964912
0 0.3713450292397661 0.8618421052631579 0.009502923976608187 0.007675438596491228
0 0.37353801169590645 0.26452850877192985 0.011330409356725146 0.008223684210526315
0 0.375 0.24945175438596492 0.011695906432748537 0.009868421052631578
0 0.3753654970760234 0.5797697368421053 0.012426900584795321 0.011787280701754386
0 0.3823099415204678 0.84375 0.009137426900584795 0.009046052631578948
0 0.38340643274853803 0.8615679824561403 0.010599415204678362 0.010142543859649123
0 0.40095029239766083 0.7974232456140351 0.011695906432748537 0.008223684210526315
0 0.4016812865497076 0.8103070175438597 0.007675438596491228 0.00712719298245614
0 0.402046783625731 0.8007127192982456 0.010964912280701754 0.00932017543859649
0 0.4067982456140351 0.7905701754385965 0.008771929824561403 0.010142543859649123
0 0.41191520467836257 0.8182565789473685 0.00804093567251462 0.008223684210526315
0 0.4144736842105263 0.8903508771929824 0.006944444444444444 0.007401315789473684
0 0.41849415204678364 0.8092105263157895 0.009868421052631578 0.008223684210526315
0 0.41849415204678364 0.8991228070175439 0.008771929824561403 0.008223684210526315
0 0.42251461988304095 0.8497807017543859 0.00804093567251462 0.008223684210526315
0 0.42872807017543857 0.8848684210526315 0.009868421052631578 0.008223684210526315
0 0.4294590643274854 0.815515350877193 0.008771929824561403 0.007949561403508772
0 0.4334795321637427 0.9100877192982456 0.009137426900584795 0.009594298245614035
0 0.43859649122807015 0.9254385964912281 0.006944444444444444 0.008223684210526315
0 0.43969298245614036 0.8415570175438597 0.01023391812865497 0.00932017543859649
0 0.4444444444444444 0.4438048245614035 0.01206140350877193 0.011787280701754386
0 0.45614035087719296 0.7949561403508771 0.008406432748538011 0.00712719298245614
0 0.4605263157894737 0.21573464912280702 0.013523391812865496 0.013980263157894737
0 0.4616228070175439 0.8103070175438597 0.009137426900584795 0.006304824561403508
0 0.46747076023391815 0.774671052631579 0.009502923976608187 0.008771929824561403
0 0.4696637426900585 0.47423245614035087 0.011695906432748537 0.012883771929824562
0 0.4904970760233918 0.9629934210526315 0.009137426900584795 0.00932017543859649
0 0.5076754385964912 0.7741228070175439 0.009137426900584795 0.007401315789473684
0 0.5080409356725146 0.9254385964912281 0.007309941520467836 0.006578947368421052
0 0.5142543859649122 0.7617872807017544 0.009137426900584795 0.009868421052631578
0 0.514985380116959 0.8292214912280702 0.01206140350877193 0.011787280701754386
0 0.5255847953216374 0.8843201754385965 0.01023391812865497 0.009594298245614035
0 0.5387426900584795 0.662828947368421 0.005116959064327485 0.003837719298245614
0 0.5529970760233918 0.36430921052631576 0.013157894736842105 0.008771929824561403
0 0.5577485380116959 0.6463815789473685 0.009137426900584795 0.008771929824561403
0 0.5621345029239766 0.8752741228070176 0.009137426900584795 0.007949561403508772
0 0.5628654970760234 0.24287280701754385 0.00804093567251462 0.006853070175438596
0 0.5793128654970761 0.7198464912280702 0.007309941520467836 0.005208333333333333
0 0.5855263157894737 0.6483004385964912 0.009502923976608187 0.006853070175438596
0 0.5921052631578947 0.8730811403508771 0.007675438596491228 0.008223684210526315
0 0.5935672514619883 0.6658442982456141 0.017178362573099414 0.014802631578947368
0 0.5953947368421053 0.6118421052631579 0.01644736842105263 0.01644736842105263
0 0.5953947368421053 0.7305372807017544 0.011330409356725146 0.00932017543859649
0 0.6034356725146199 0.8837719298245614 0.007675438596491228 0.007949561403508772
0 0.6052631578947368 0.8473135964912281 0.010964912280701754 0.011239035087719298
0 0.606359649122807 0.7412280701754386 0.01023391812865497 0.007675438596491228
0 0.6089181286549707 0.3632127192982456 0.01608187134502924 0.010142543859649123
0 0.6089181286549707 0.9383223684210527 0.008406432748538011 0.007675438596491228
0 0.6111111111111112 0.12171052631578948 0.01644736842105263 0.013706140350877192
0 0.6125730994152047 0.9339364035087719 0.008406432748538011 0.006853070175438596
0 0.6144005847953217 0.9270833333333334 0.007675438596491228 0.008223684210526315
0 0.6187865497076024 0.8004385964912281 0.010964912280701754 0.007675438596491228
0 0.6206140350877193 0.8599232456140351 0.006944444444444444 0.00712719298245614
0 0.6239035087719298 0.8947368421052632 0.005847953216374269 0.004934210526315789
0 0.6264619883040936 0.7870065789473685 0.01206140350877193 0.009046052631578948
0 0.6264619883040936 0.8292214912280702 0.010599415204678362 0.009594298245614035
0 0.653874269005848 0.32976973684210525 0.010599415204678362 0.006853070175438596
0 0.6557017543859649 0.40981359649122806 0.02046783625730994 0.015350877192982455
0 0.6608187134502924 0.6332236842105263 0.015716374269005847 0.015350877192982455
0 0.6619152046783626 0.3045504385964912 0.01425438596491228 0.011239035087719298
0 0.6677631578947368 0.8341557017543859 0.011695906432748537 0.011513157894736841
0 0.6728801169590644 0.3188048245614035 0.017909356725146198 0.013157894736842105
0 0.6794590643274854 0.8445723684210527 0.009868421052631578 0.010416666666666666
0 0.6904239766081871 0.31030701754385964 0.011695906432748537 0.010416666666666666
0 0.6907894736842105 0.30153508771929827 0.009502923976608187 0.006853070175438596
0 0.6922514619883041 0.8730811403508771 0.010599415204678362 0.009594298245614035
0 0.6966374269005848 0.46463815789473684 0.011695906432748537 0.007675438596491228
0 0.6984649122807017 0.8037280701754386 0.011330409356725146 0.008771929824561403
0 0.7054093567251462 0.31140350877192985 0.01206140350877193 0.010416666666666666
0 0.70796783625731 0.43283991228070173 0.017178362573099414 0.01343201754385965
0 0.7105263157894737 0.7897478070175439 0.009868421052631578 0.007949561403508772
0 0.7152777777777778 0.7425986842105263 0.012426900584795321 0.011787280701754386
0 0.7167397660818714 0.3659539473684211 0.009502923976608187 0.007949561403508772
0 0.7200292397660819 0.36239035087719296 0.007675438596491228 0.005208333333333333
0 0.7218567251461988 0.3580043859649123 0.009502923976608187 0.00712719298245614
0 0.7236842105263158 0.4224232456140351 0.014985380116959063 0.006578947368421052
0 0.7273391812865497 0.575109649122807 0.01608187134502924 0.011239035087719298
0 0.7390350877192983 0.29084429824561403 0.011330409356725146 0.009594298245614035
0 0.7426900584795322 0.21025219298245615 0.011330409356725146 0.009868421052631578
0 0.7448830409356725 0.4100877192982456 0.01644736842105263 0.011513157894736841
0 0.7485380116959064 0.7730263157894737 0.009502923976608187 0.00849780701754386
0 0.751827485380117 0.22286184210526316 0.008406432748538011 0.00712719298245614
0 0.7525584795321637 0.9076206140350878 0.005116959064327485 0.00356359649122807
0 0.7547514619883041 0.503015350877193 0.025584795321637425 0.02823464912280702
0 0.7562134502923976 0.40268640350877194 0.017909356725146198 0.013157894736842105
0 0.7580409356725146 0.22724780701754385 0.01023391812865497 0.009046052631578948
0 0.758406432748538 0.5622258771929824 0.015716374269005847 0.010142543859649123
0 0.7708333333333334 0.6143092105263158 0.011330409356725146 0.009868421052631578
0 0.7843567251461988 0.909265350877193 0.006944444444444444 0.006853070175438596
0 0.7949561403508771 0.9095394736842105 0.012426900584795321 0.012335526315789474
0 0.8172514619883041 0.20559210526315788 0.013523391812865496 0.01069078947368421
0 0.8205409356725146 0.4152960526315789 0.0062134502923976605 0.006853070175438596
0 0.8267543859649122 0.17489035087719298 0.006944444444444444 0.005756578947368421
0 0.8267543859649122 0.8802083333333334 0.013157894736842105 0.012883771929824562
0 0.83296783625731 0.34073464912280704 0.009137426900584795 0.008771929824561403
0 0.8373538011695907 0.5172697368421053 0.02412280701754386 0.019462719298245616
0 0.8388157894736842 0.203125 0.011330409356725146 0.009868421052631578
0 0.8541666666666666 0.9240679824561403 0.009502923976608187 0.008771929824561403
0 0.8592836257309941 0.5320723684210527 0.007309941520467836 0.006030701754385965
0 0.8951023391812866 0.46463815789473684 0.021929824561403508 0.01644736842105263
0 0.89546783625731 0.22532894736842105 0.01023391812865497 0.007401315789473684
0 0.9133771929824561 0.7604166666666666 0.0222953216374269 0.021929824561403508
0 0.9283625730994152 0.5951206140350878 0.016812865497076022 0.015350877192982455
0 0.9375 0.6461074561403509 0.019005847953216373 0.010964912280701754
0 0.9418859649122807 0.14117324561403508 0.013523391812865496 0.011513157894736841
0 0.9422514619883041 0.19298245614035087 0.023391812865497075 0.01864035087719298
0 0.9470029239766082 0.9141995614035088 0.010964912280701754 0.009868421052631578
0 0.9473684210526315 0.7486293859649122 0.014985380116959063 0.011787280701754386
0 0.9499269005847953 0.6510416666666666 0.015350877192982455 0.01069078947368421
0 0.9539473684210527 0.7033991228070176 0.011695906432748537 0.010964912280701754
0 0.9554093567251462 0.9254385964912281 0.013157894736842105 0.010416666666666666
0 0.9576023391812866 0.9369517543859649 0.013157894736842105 0.011787280701754386
0 0.95796783625731 0.6620065789473685 0.019736842105263157 0.008223684210526315
0 0.9623538011695907 0.13733552631578946 0.019005847953216373 0.015899122807017545
0 0.9627192982456141 0.7047697368421053 0.013157894736842105 0.007949561403508772
0 0.9641812865497076 0.6918859649122807 0.010964912280701754 0.010142543859649123
0 0.9656432748538012 0.5296052631578947 0.016812865497076022 0.008771929824561403
0 0.966374269005848 0.6524122807017544 0.017178362573099414 0.01343201754385965
0 0.9671052631578947 0.7787828947368421 0.011330409356725146 0.010142543859649123
0 0.9689327485380117 0.19599780701754385 0.023026315789473683 0.01699561403508772
0 0.9714912280701754 0.11019736842105263 0.011330409356725146 0.008771929824561403
0 0.9762426900584795 0.7872807017543859 0.012792397660818713 0.00932017543859649
0 0.9766081871345029 0.6606359649122807 0.017909356725146198 0.011787280701754386
0 0.9769736842105263 0.6740679824561403 0.01608187134502924 0.013157894736842105
0 0.9798976608187134 0.4868421052631579 0.015716374269005847 0.017543859649122806
0 0.9824561403508771 0.9533991228070176 0.010599415204678362 0.011239035087719298
0 0.9824561403508771 0.9654605263157895 0.01023391812865497 0.00932017543859649
0 0.9897660818713451 0.6726973684210527 0.017543859649122806 0.015350877192982455
