0 0.36403508771929827 0.3188048245614035 0.009502923976608187 0.007675438596491228
0 0.3651315789473684 0.32648026315789475 0.009868421052631578 0.007401315789473684
0 0.3684210526315789 0.3100328947368421 0.011330409356725146 0.009868421052631578
0 0.3753654970760234 0.32839912280701755 0.011330409356725146 0.007949561403508772
0 0.489766081871345 0.7143640350877193 0.014619883040935672 0.00849780701754386
0 0.5307017543859649 0.26726973684210525 0.009868421052631578 0.007949561403508772
0 0.5347222222222222 0.2787828947368421 0.013157894736842105 0.009868421052631578
0 0.5413011695906432 0.2689144736842105 0.010599415204678362 0.007949561403508772
0 0.5413011695906432 0.45285087719298245 0.006944444444444444 0.006853070175438596
0 0.5497076023391813 0.45476973684210525 0.00804093567251462 0.007675438596491228
0 0.5544590643274854 0.28125 0.009137426900584795 0.007675438596491228
0 0.5610380116959064 0.45202850877192985 0.006578947368421052 0.006578947368421052
0 0.5712719298245614 0.29468201754385964 0.010964912280701754 0.009046052631578948
0 0.6056286549707602 0.32593201754385964 0.010599415204678362 0.00932017543859649
0 0.6907894736842105 0.3607456140350877 0.0043859649122807015 0.00356359649122807
0 0.8636695906432749 0.4029605263157895 0.005482456140350877 0.004660087719298245
0 0.8739035087719298 0.7886513157894737 0.01206140350877193 0.007675438596491228
0 0.9506578947368421 0.5945723684210527 0.003289473684210526 0.001918859649122807
