0 0.39089912280701755 0.4926900584795322 0.009046052631578948 0.012426900584795321
0 0.4300986842105263 0.5076754385964912 0.006578947368421052 0.01023391812865497
0 0.43640350877192985 0.47002923976608185 0.005756578947368421 0.01023391812865497
0 0.43859649122807015 0.48903508771929827 0.006853070175438596 0.007675438596491228
0 0.4418859649122807 0.4791666666666667 0.006578947368421052 0.01206140350877193
0 0.45339912280701755 0.44992690058479534 0.005756578947368421 0.009502923976608187
0 0.45476973684210525 0.4334795321637427 0.006578947368421052 0.011695906432748537
0 0.4662828947368421 0.4594298245614035 0.010142543859649123 0.014619883040935672
0 0.49890350877192985 0.42141812865497075 0.007401315789473684 0.010964912280701754
0 0.5087719298245614 0.2408625730994152 0.008771929824561403 0.013888888888888888
0 0.5123355263157895 0.0625 0.008223684210526315 0.011695906432748537
0 0.5148026315789473 0.5413011695906432 0.007401315789473684 0.010599415204678362
0 0.5227521929824561 0.5573830409356725 0.00849780701754386 0.010599415204678362
0 0.524671052631579 0.5241228070175439 0.006030701754385965 0.012426900584795321
0 0.5293311403508771 0.5423976608187134 0.007401315789473684 0.009868421052631578
0 0.5309758771929824 0.5142543859649122 0.00932017543859649 0.016812865497076022
0 0.5315241228070176 0.47039473684210525 0.006853070175438596 0.010964912280701754
0 0.5361842105263158 0.4652777777777778 0.006030701754385965 0.010964912280701754
0 0.5370065789473685 0.4733187134502924 0.00712719298245614 0.011695906432748537
0 0.5441337719298246 0.017543859649122806 0.008223684210526315 0.014619883040935672
0 0.5649671052631579 0.4440789473684211 0.008771929824561403 0.013888888888888888
0 0.5671600877192983 0.464546783625731 0.009046052631578948 0.013157894736842105
0 0.5745614035087719 0.4755116959064328 0.011513157894736841 0.015350877192982455
0 0.5783991228070176 0.44846491228070173 0.008771929824561403 0.012426900584795321
0 0.5849780701754386 0.06286549707602339 0.007401315789473684 0.012426900584795321
0 0.587171052631579 0.37719298245614036 0.010416666666666666 0.014619883040935672
0 0.5915570175438597 0.38340643274853803 0.007949561403508772 0.013888888888888888
0 0.5962171052631579 0.3757309941520468 0.009046052631578948 0.011695906432748537
0 0.6049890350877193 0.054093567251461985 0.01069078947368421 0.01023391812865497
0 0.6107456140350878 0.5361842105263158 0.00932017543859649 0.015350877192982455
0 0.6145833333333334 0.40021929824561403 0.008771929824561403 0.014619883040935672
0 0.6151315789473685 0.5526315789473685 0.009594298245614035 0.01608187134502924
0 0.6236293859649122 0.5533625730994152 0.007949561403508772 0.013888888888888888
0 0.6274671052631579 0.4100877192982456 0.00932017543859649 0.01608187134502924
0 0.647203947368421 0.48428362573099415 0.007401315789473684 0.013888888888888888
0 0.6535087719298246 0.4817251461988304 0.010416666666666666 0.015350877192982455
0 0.6581688596491229 0.16374269005847952 0.009594298245614035 0.010964912280701754
0 0.6595394736842105 0.4777046783625731 0.00932017543859649 0.014619883040935672
0 0.6669407894736842 0.5036549707602339 0.010964912280701754 0.016812865497076022
0 0.668859649122807 0.5116959064327485 0.008771929824561403 0.013888888888888888
0 0.6762609649122807 0.5175438596491229 0.009046052631578948 0.014619883040935672
0 0.6842105263157895 0.5131578947368421 0.010142543859649123 0.014619883040935672
0 0.7247807017543859 0.41739766081871343 0.006578947368421052 0.00804093567251462
0 0.7261513157894737 0.42872807017543857 0.006853070175438596 0.009502923976608187
0 0.7310855263157895 0.4236111111111111 0.006304824561403508 0.006944444444444444
0 0.7749451754385965 0.25584795321637427 0.007949561403508772 0.012426900584795321
0 0.7776864035087719 0.49488304093567254 0.006578947368421052 0.00804093567251462
0 0.7815241228070176 0.5241228070175439 0.00712719298245614 0.011330409356725146
0 0.7889254385964912 0.03654970760233918 0.009046052631578948 0.01608187134502924
0 0.790296052631579 0.1070906432748538 0.011513157894736841 0.016812865497076022
0 0.7922149122807017 0.33771929824561403 0.007949561403508772 0.010964912280701754
0 0.7930372807017544 0.019736842105263157 0.010142543859649123 0.01827485380116959
0 0.7976973684210527 0.03070175438596491 0.009594298245614035 0.01608187134502924
0 0.8188048245614035 0.6502192982456141 0.008223684210526315 0.013523391812865496
0 0.8314144736842105 0.49378654970760233 0.007675438596491228 0.009868421052631578
0 0.8451206140350878 0.4996345029239766 0.007675438596491228 0.006944444444444444
0 0.8544407894736842 0.5062134502923976 0.006030701754385965 0.00804093567251462
0 0.859375 0.0804093567251462 0.011513157894736841 0.016812865497076022
0 0.8673245614035088 0.0807748538011696 0.00932017543859649 0.013888888888888888
0 0.8686951754385965 0.4378654970760234 0.007949561403508772 0.011695906432748537
0 0.8782894736842105 0.44992690058479534 0.004934210526315789 0.008771929824561403
0 0.8826754385964912 0.4444444444444444 0.00712719298245614 0.01023391812865497
0 0.8859649122807017 0.40789473684210525 0.006030701754385965 0.008771929824561403
0 0.8873355263157895 0.39766081871345027 0.008771929824561403 0.014619883040935672
0 0.8958333333333334 0.40497076023391815 0.006304824561403508 0.009502923976608187
0 0.9819078947368421 0.3512426900584795 0.006853070175438596 0.010964912280701754
