0 0.009137426900584795 0.23273026315789475 0.01864035087719298 0.017269736842105265
0 0.009868421052631578 0.6107456140350878 0.019371345029239765 0.01425438596491228
0 0.015350877192982455 0.5076754385964912 0.021564327485380116 0.017269736842105265
0 0.0222953216374269 0.27055921052631576 0.019005847953216373 0.01425438596491228
0 0.02448830409356725 0.522203947368421 0.02010233918128655 0.01425438596491228
0 0.04057017543859649 0.2845394736842105 0.017178362573099414 0.012335526315789474
0 0.044956140350877194 0.018092105263157895 0.07419590643274854 0.03618421052631579
0 0.05847953216374269 0.31716008771929827 0.009502923976608187 0.006853070175438596
0 0.05921052631578947 0.47094298245614036 0.021198830409356724 0.015076754385964912
0 0.059576023391812866 0.5071271929824561 0.013157894736842105 0.009868421052631578
0 0.06505847953216375 0.21408991228070176 0.017178362573099414 0.01617324561403509
0 0.07602339181286549 0.36101973684210525 0.015716374269005847 0.010142543859649123
0 0.08369883040935673 0.20148026315789475 0.01864035087719298 0.015899122807017545
0 0.08845029239766082 0.3530701754385965 0.016812865497076022 0.009046052631578948
0 0.089546783625731 0.46792763157894735 0.02266081871345029 0.016721491228070175
0 0.09576023391812866 0.7996162280701754 0.011695906432748537 0.009868421052631578
0 0.09722222222222222 0.3190789473684211 0.0266812865497076 0.020833333333333332
0 0.10855263157894737 0.44764254385964913 0.017909356725146198 0.014528508771929825
0 0.11440058479532164 0.2817982456140351 0.005482456140350877 0.006853070175438596
0 0.11586257309941521 0.37417763157894735 0.017543859649122806 0.009594298245614035
0 0.11659356725146199 0.30701754385964913 0.011330409356725146 0.010416666666666666
0 0.11659356725146199 0.5800438596491229 0.016812865497076022 0.01206140350877193
0 0.12828947368421054 0.2891995614035088 0.01206140350877193 0.010142543859649123
0 0.12828947368421054 0.37582236842105265 0.013523391812865496 0.011513157894736841
0 0.1341374269005848 0.3034539473684211 0.013523391812865496 0.00932017543859649
0 0.13925438596491227 0.37006578947368424 0.010964912280701754 0.007675438596491228
0 0.1425438596491228 0.7286184210526315 0.00804093567251462 0.007401315789473684
0 0.14437134502923976 0.16474780701754385 0.013888888888888888 0.017269736842105265
0 0.15862573099415206 0.3675986842105263 0.01608187134502924 0.00932017543859649
0 0.16045321637426901 0.7094298245614035 0.0062134502923976605 0.004660087719298245
0 0.1652046783625731 0.21463815789473684 0.017909356725146198 0.013157894736842105
0 0.16812865497076024 0.5112390350877193 0.02046783625730994 0.014802631578947368
0 0.17178362573099415 0.3944627192982456 0.017543859649122806 0.012883771929824562
0 0.17799707602339182 0.375 0.009137426900584795 0.005482456140350877
0 0.179093567251462 0.20970394736842105 0.014985380116959063 0.013980263157894737
0 0.17945906432748537 0.4923245614035088 0.013523391812865496 0.01069078947368421
0 0.18457602339181287 0.48601973684210525 0.015350877192982455 0.01206140350877193
0 0.18567251461988304 0.16666666666666666 0.017543859649122806 0.013706140350877192
0 0.18932748538011696 0.33826754385964913 0.017909356725146198 0.015350877192982455
0 0.19005847953216373 0.1524122807017544 0.017909356725146198 0.014528508771929825
0 0.19334795321637427 0.24698464912280702 0.011695906432748537 0.006030701754385965
0 0.19334795321637427 0.674890350877193 0.012792397660818713 0.009868421052631578
0 0.19334795321637427 0.7162828947368421 0.009868421052631578 0.008223684210526315
0 0.1962719298245614 0.21546052631578946 0.025584795321637425 0.022478070175438597
0 0.19846491228070176 0.16145833333333334 0.011330409356725146 0.010416666666666666
0 0.20065789473684212 0.2552083333333333 0.01644736842105263 0.012883771929824562
0 0.2010233918128655 0.31551535087719296 0.015350877192982455 0.012883771929824562
0 0.2054093567251462 0.4043311403508772 0.010599415204678362 0.010142543859649123
0 0.20723684210526316 0.3618421052631579 0.01827485380116959 0.014528508771929825
0 0.21235380116959066 0.4753289473684211 0.014985380116959063 0.010142543859649123
0 0.21600877192982457 0.08360745614035088 0.02046783625730994 0.008771929824561403
0 0.21966374269005848 0.40515350877192985 0.011330409356725146 0.009868421052631578
0 0.2233187134502924 0.46381578947368424 0.02412280701754386 0.019462719298245616
0 0.2236842105263158 0.4451754385964912 0.0266812865497076 0.021107456140350877
0 0.2309941520467836 0.6869517543859649 0.017909356725146198 0.015625
0 0.2364766081871345 0.22724780701754385 0.02850877192982456 0.024945175438596492
0 0.26096491228070173 0.23464912280701755 0.013888888888888888 0.013980263157894737
0 0.2679093567251462 0.33168859649122806 0.01206140350877193 0.011787280701754386
0 0.2679093567251462 0.7700109649122807 0.006944444444444444 0.00932017543859649
0 0.2741228070175439 0.22779605263157895 0.014619883040935672 0.011513157894736841
0 0.27521929824561403 0.7872807017543859 0.009868421052631578 0.00932017543859649
0 0.27558479532163743 0.2524671052631579 0.02010233918128655 0.020285087719298246
0 0.2821637426900585 0.17763157894736842 0.0222953216374269 0.017269736842105265
0 0.28326023391812866 0.14172149122807018 0.02046783625730994 0.01864035087719298
0 0.2850877192982456 0.3925438596491228 0.011695906432748537 0.009594298245614035
0 0.29203216374269003 0.4895833333333333 0.01023391812865497 0.007949561403508772
0 0.29276315789473684 0.16282894736842105 0.019736842105263157 0.017543859649122806
0 0.30043859649122806 0.17900219298245615 0.021564327485380116 0.018914473684210526
0 0.3019005847953216 0.032072368421052634 0.020833333333333332 0.01836622807017544
0 0.302266081871345 0.04413377192982456 0.008771929824561403 0.006853070175438596
0 0.30372807017543857 0.48026315789473684 0.011330409356725146 0.007949561403508772
0 0.31067251461988304 0.22724780701754385 0.014619883040935672 0.018092105263157895
0 0.3117690058479532 0.7362938596491229 0.019371345029239765 0.01864035087719298
0 0.3220029239766082 0.3305921052631579 0.009137426900584795 0.016721491228070175
0 0.3223684210526316 0.44627192982456143 0.01206140350877193 0.010142543859649123
0 0.32383040935672514 0.5323464912280702 0.012426900584795321 0.00849780701754386
0 0.32894736842105265 0.47478070175438597 0.020833333333333332 0.017543859649122806
0 0.33114035087719296 0.4986293859649123 0.02266081871345029 0.01836622807017544
0 0.33187134502923976 0.43777412280701755 0.01608187134502924 0.014802631578947368
0 0.3399122807017544 0.24067982456140352 0.011695906432748537 0.015076754385964912
0 0.3406432748538012 0.6732456140350878 0.02631578947368421 0.024396929824561403
0 0.34210526315789475 0.37664473684210525 0.01864035087719298 0.015076754385964912
0 0.34576023391812866 0.023026315789473683 0.023026315789473683 0.01343201754385965
0 0.3534356725146199 0.328125 0.021198830409356724 0.01918859649122807
0 0.35526315789473684 0.40213815789473684 0.00804093567251462 0.006853070175438596
0 0.35891812865497075 0.4449013157894737 0.0222953216374269 0.02055921052631579
0 0.3614766081871345 0.21792763157894737 0.02412280701754386 0.02138157894736842
0 0.3680555555555556 0.600328947368421 0.017178362573099414 0.01425438596491228
0 0.3702485380116959 0.40158991228070173 0.009868421052631578 0.006030701754385965
0 0.37244152046783624 0.4100877192982456 0.01023391812865497 0.011239035087719298
0 0.3742690058479532 0.6411732456140351 0.02412280701754386 0.018914473684210526
0 0.3845029239766082 0.7617872807017544 0.006578947368421052 0.006853070175438596
0 0.39144736842105265 0.34265350877192985 0.010964912280701754 0.00932017543859649
0 0.3994883040935672 0.3432017543859649 0.01023391812865497 0.010142543859649123
0 0.40497076023391815 0.8692434210526315 0.011695906432748537 0.01069078947368421
0 0.4060672514619883 0.03892543859649123 0.01425438596491228 0.011239035087719298
0 0.40826023391812866 0.11074561403508772 0.01864035087719298 0.009594298245614035
0 0.40826023391812866 0.740953947368421 0.007309941520467836 0.005756578947368421
0 0.4166666666666667 0.8758223684210527 0.010599415204678362 0.00932017543859649
0 0.41885964912280704 0.39418859649122806 0.014985380116959063 0.011513157894736841
0 0.4239766081871345 0.11430921052631579 0.017178362573099414 0.01425438596491228
0 0.4367690058479532 0.49835526315789475 0.020833333333333332 0.021929824561403508
0 0.4451754385964912 0.15871710526315788 0.017178362573099414 0.01617324561403509
0 0.4455409356725146 0.7321820175438597 0.01425438596491228 0.011787280701754386
0 0.45321637426900585 0.8207236842105263 0.014619883040935672 0.013706140350877192
0 0.4605263157894737 0.7653508771929824 0.009137426900584795 0.008771929824561403
0 0.4619883040935672 0.5932017543859649 0.03764619883040936 0.033168859649122806
0 0.46345029239766083 0.19709429824561403 0.009868421052631578 0.006030701754385965
0 0.4696637426900585 0.1367872807017544 0.017178362573099414 0.014802631578947368
0 0.47441520467836257 0.18585526315789475 0.013157894736842105 0.011239035087719298
0 0.4755116959064328 0.7549342105263158 0.009502923976608187 0.00849780701754386
0 0.4817251461988304 0.3829495614035088 0.00804093567251462 0.007401315789473684
0 0.4824561403508772 0.09758771929824561 0.01206140350877193 0.013980263157894737
0 0.4828216374269006 0.28426535087719296 0.017178362573099414 0.009594298245614035
0 0.4853801169590643 0.8612938596491229 0.00804093567251462 0.007675438596491228
0 0.49159356725146197 0.09758771929824561 0.012792397660818713 0.013980263157894737
0 0.49378654970760233 0.21326754385964913 0.012792397660818713 0.011787280701754386
0 0.49415204678362573 0.40460526315789475 0.007675438596491228 0.009594298245614035
0 0.4967105263157895 0.2069627192982456 0.014985380116959063 0.010964912280701754
0 0.5021929824561403 0.8711622807017544 0.012426900584795321 0.01343201754385965
0 0.5021929824561403 0.8771929824561403 0.011330409356725146 0.00712719298245614
0 0.506578947368421 0.7993421052631579 0.02046783625730994 0.018914473684210526
0 0.5076754385964912 0.19956140350877194 0.014619883040935672 0.011239035087719298
0 0.5087719298245614 0.23218201754385964 0.019736842105263157 0.017269736842105265
0 0.5120614035087719 0.6551535087719298 0.02412280701754386 0.02138157894736842
0 0.5208333333333334 0.26973684210526316 0.02412280701754386 0.021655701754385966
0 0.5219298245614035 0.8566337719298246 0.004751461988304093 0.004934210526315789
0 0.5292397660818714 0.7661732456140351 0.009137426900584795 0.008771929824561403
0 0.5347222222222222 0.8777412280701754 0.01206140350877193 0.011787280701754386
0 0.5387426900584795 0.4725877192982456 0.009502923976608187 0.009868421052631578
0 0.543859649122807 0.8560855263157895 0.013888888888888888 0.014802631578947368
0 0.5467836257309941 0.7593201754385965 0.01864035087719298 0.010416666666666666
0 0.5522660818713451 0.23985745614035087 0.017178362573099414 0.015350877192982455
0 0.5526315789473685 0.6458333333333334 0.009502923976608187 0.007675438596491228
0 0.5603070175438597 0.6398026315789473 0.009502923976608187 0.006030701754385965
0 0.5745614035087719 0.17160087719298245 0.016812865497076022 0.012609649122807017
0 0.5771198830409356 0.7982456140350878 0.011695906432748537 0.011513157894736841
0 0.5826023391812866 0.8451206140350878 0.01206140350877193 0.012335526315789474
0 0.5836988304093568 0.5134320175438597 0.019736842105263157 0.017269736842105265
0 0.5964912280701754 0.3881578947368421 0.014619883040935672 0.01206140350877193
0 0.5975877192982456 0.5391995614035088 0.008406432748538011 0.006578947368421052
0 0.5986842105263158 0.29797149122807015 0.013523391812865496 0.01069078947368421
0 0.6034356725146199 0.3840460526315789 0.010964912280701754 0.011513157894736841
0 0.6103801169590644 0.909265350877193 0.01206140350877193 0.01206140350877193
0 0.6173245614035088 0.28536184210526316 0.012426900584795321 0.009868421052631578
0 0.6187865497076024 0.8645833333333334 0.01206140350877193 0.011787280701754386
0 0.6217105263157895 0.015076754385964912 0.021198830409356724 0.019462719298245616
0 0.6235380116959064 0.11567982456140351 0.02046783625730994 0.018914473684210526
0 0.6235380116959064 0.1894188596491228 0.01023391812865497 0.00849780701754386
0 0.6242690058479532 0.27658991228070173 0.02010233918128655 0.009046052631578948
0 0.6264619883040936 0.34155701754385964 0.012426900584795321 0.008771929824561403
0 0.6301169590643275 0.8442982456140351 0.012426900584795321 0.013706140350877192
0 0.6312134502923976 0.39144736842105265 0.015716374269005847 0.01425438596491228
0 0.6323099415204678 0.6691337719298246 0.01608187134502924 0.014802631578947368
0 0.633406432748538 0.4967105263157895 0.008771929824561403 0.009868421052631578
0 0.633406432748538 0.8549890350877193 0.013157894736842105 0.01206140350877193
0 0.6345029239766082 0.3012609649122807 0.009868421052631578 0.00712719298245614
0 0.6359649122807017 0.6921600877192983 0.01425438596491228 0.013706140350877192
0 0.6421783625730995 0.1806469298245614 0.009502923976608187 0.008223684210526315
0 0.6421783625730995 0.49643640350877194 0.01206140350877193 0.010142543859649123
0 0.6483918128654971 0.5109649122807017 0.012792397660818713 0.011513157894736841
0 0.653874269005848 0.6951754385964912 0.013157894736842105 0.011787280701754386
0 0.6542397660818714 0.2889254385964912 0.013888888888888888 0.009594298245614035
0 0.6666666666666666 0.6970942982456141 0.013523391812865496 0.010416666666666666
0 0.6710526315789473 0.6866776315789473 0.012792397660818713 0.010416666666666666
0 0.6728801169590644 0.005482456140350877 0.019371345029239765 0.00932017543859649
0 0.6728801169590644 0.4100877192982456 0.017178362573099414 0.012609649122807017
0 0.679093567251462 0.16036184210526316 0.013888888888888888 0.010964912280701754
0 0.6885964912280702 0.6672149122807017 0.013523391812865496 0.010964912280701754
0 0.6933479532163743 0.6573464912280702 0.013157894736842105 0.013157894736842105
0 0.7035818713450293 0.3793859649122807 0.010599415204678362 0.012609649122807017
0 0.706140350877193 0.13843201754385964 0.013157894736842105 0.01069078947368421
0 0.706140350877193 0.7132675438596491 0.013523391812865496 0.011513157894736841
0 0.7065058479532164 0.7020285087719298 0.016812865497076022 0.01343201754385965
0 0.7097953216374269 0.3256578947368421 0.008406432748538011 0.005756578947368421
0 0.7097953216374269 0.6935307017543859 0.017178362573099414 0.015899122807017545
0 0.7152777777777778 0.07291666666666667 0.019736842105263157 0.018914473684210526
0 0.7178362573099415 0.8171600877192983 0.01206140350877193 0.009868421052631578
0 0.7203947368421053 0.05838815789473684 0.017543859649122806 0.015350877192982455
0 0.7269736842105263 0.5298793859649122 0.015716374269005847 0.014528508771929825
0 0.7320906432748538 0.6208881578947368 0.02046783625730994 0.018914473684210526
0 0.7357456140350878 0.47094298245614036 0.02631578947368421 0.020833333333333332
0 0.741593567251462 0.016721491228070175 0.015716374269005847 0.013980263157894737
0 0.7470760233918129 0.6680372807017544 0.015716374269005847 0.01425438596491228
0 0.7536549707602339 0.28618421052631576 0.011695906432748537 0.006853070175438596
0 0.7536549707602339 0.8522478070175439 0.014619883040935672 0.012883771929824562
0 0.758406432748538 0.5309758771929824 0.015350877192982455 0.007401315789473684
0 0.7598684210526315 0.6370614035087719 0.01608187134502924 0.014528508771929825
0 0.7624269005847953 0.8056469298245614 0.014619883040935672 0.013980263157894737
0 0.7627923976608187 0.4936951754385965 0.027046783625730993 0.021929824561403508
0 0.7675438596491229 0.5150767543859649 0.023757309941520467 0.02055921052631579
0 0.7708333333333334 0.7379385964912281 0.02448830409356725 0.015350877192982455
0 0.7737573099415205 0.8226425438596491 0.017909356725146198 0.01617324561403509
0 0.7766812865497076 0.043859649122807015 0.02010233918128655 0.019736842105263157
0 0.7821637426900585 0.8388157894736842 0.017543859649122806 0.016721491228070175
0 0.7861842105263158 0.7505482456140351 0.023026315789473683 0.021929824561403508
0 0.7986111111111112 0.7321820175438597 0.011330409356725146 0.007949561403508772
0 0.7993421052631579 0.7491776315789473 0.007675438596491228 0.010416666666666666
0 0.8088450292397661 0.7845394736842105 0.011330409356725146 0.010416666666666666
0 0.8252923976608187 0.15789473684210525 0.021198830409356724 0.019462719298245616
0 0.8278508771929824 0.46847587719298245 0.01608187134502924 0.012609649122807017
0 0.8282163742690059 0.2612390350877193 0.007675438596491228 0.011787280701754386
0 0.83296783625731 0.9613486842105263 0.005482456140350877 0.005208333333333333
0 0.8333333333333334 0.9725877192982456 0.005116959064327485 0.005756578947368421
0 0.8347953216374269 0.26151315789473684 0.007675438596491228 0.008223684210526315
0 0.8362573099415205 0.9418859649122807 0.005847953216374269 0.005482456140350877
0 0.8410087719298246 0.4725877192982456 0.017178362573099414 0.012609649122807017
0 0.8435672514619883 0.42872807017543857 0.01608187134502924 0.013157894736842105
0 0.8439327485380117 0.9624451754385965 0.004751461988304093 0.003837719298245614
0 0.8548976608187134 0.37417763157894735 0.009137426900584795 0.005756578947368421
0 0.8581871345029239 0.47231359649122806 0.016812865497076022 0.01343201754385965
0 0.8611111111111112 0.4194078947368421 0.01644736842105263 0.009594298245614035
0 0.8633040935672515 0.5076754385964912 0.016812865497076022 0.013157894736842105
0 0.8651315789473685 0.9830043859649122 0.006944444444444444 0.005756578947368421
0 0.8658625730994152 0.38706140350877194 0.008771929824561403 0.005208333333333333
0 0.8680555555555556 0.8821271929824561 0.008771929824561403 0.006304824561403508
0 0.8717105263157895 0.41036184210526316 0.014619883040935672 0.00932017543859649
0 0.873172514619883 0.42598684210526316 0.019371345029239765 0.015899122807017545
0 0.8826754385964912 0.930921052631579 0.008771929824561403 0.007675438596491228
0 0.8914473684210527 0.6672149122807017 0.0266812865497076 0.021929824561403508
0 0.9009502923976608 0.16036184210526316 0.01827485380116959 0.027412280701754384
0 0.9060672514619883 0.9827302631578947 0.0062134502923976605 0.004934210526315789
0 0.9155701754385965 0.9805372807017544 0.005847953216374269 0.004934210526315789
0 0.9232456140350878 0.5449561403508771 0.013157894736842105 0.011513157894736841
0 0.9243421052631579 0.9810855263157895 0.007309941520467836 0.004934210526315789
0 0.9269005847953217 0.42790570175438597 0.010599415204678362 0.007401315789473684
0 0.9294590643274854 0.9213267543859649 0.007309941520467836 0.007401315789473684
0 0.9389619883040936 0.5745614035087719 0.016812865497076022 0.01069078947368421
0 0.9528508771929824 0.5773026315789473 0.014619883040935672 0.009868421052631578
0 0.9572368421052632 0.5457785087719298 0.016812865497076022 0.01343201754385965
0 0.95796783625731 0.5608552631578947 0.018274853801169593 0.01425438596491228
0 0.9707602339181286 0.5501644736842105 0.016812865497076022 0.011787280701754386
0 0.9769736842105263 0.5627741228070176 0.016812865497076022 0.013706140350877192
0 0.9952485380116959 0.5115131578947368 0.008771929824561403 0.012883771929824562
