0 0.007675438596491228 0.16191520467836257 0.011787280701754386 0.019736842105263157
0 0.007949561403508772 0.0489766081871345 0.011513157894736841 0.013157894736842105
0 0.008771929824561403 0.8969298245614035 0.01781798245614035 0.03216374269005848
0 0.011787280701754386 0.45285087719298245 0.00712719298245614 0.010964912280701754
0 0.02138157894736842 0.2138157894736842 0.013157894736842105 0.017543859649122806
0 0.027138157894736843 0.42616959064327486 0.01644736842105263 0.023026315789473683
0 0.034265350877192985 0.8103070175438597 0.019462719298245616 0.03179824561403509
0 0.04413377192982456 0.9897660818713451 0.015350877192982455 0.02010233918128655
0 0.05756578947368421 0.9239766081871345 0.011239035087719298 0.01827485380116959
0 0.06332236842105263 0.089546783625731 0.015625 0.021929824561403508
0 0.07099780701754387 0.9912280701754386 0.014802631578947368 0.017178362573099414
0 0.07648026315789473 0.16447368421052633 0.013157894736842105 0.016812865497076022
0 0.0825109649122807 0.9597953216374269 0.01699561403508772 0.02266081871345029
0 0.08552631578947369 0.17616959064327486 0.010964912280701754 0.017543859649122806
0 0.08552631578947369 0.47989766081871343 0.017543859649122806 0.02412280701754386
0 0.09100877192982457 0.3307748538011696 0.017269736842105265 0.023391812865497075
0 0.11869517543859649 0.7847222222222222 0.016721491228070175 0.03033625730994152
0 0.11896929824561403 0.5372807017543859 0.015899122807017545 0.023391812865497075
0 0.12582236842105263 0.7529239766081871 0.015076754385964912 0.021929824561403508
0 0.13020833333333334 0.0668859649122807 0.014528508771929825 0.015350877192982455
0 0.13514254385964913 0.0533625730994152 0.011787280701754386 0.01827485380116959
0 0.14583333333333334 0.8267543859649122 0.01644736842105263 0.025584795321637425
0 0.14665570175438597 0.45796783625730997 0.022478070175438597 0.019005847953216373
0 0.15460526315789475 0.839546783625731 0.00932017543859649 0.014619883040935672
0 0.16036184210526316 0.0577485380116959 0.01343201754385965 0.02412280701754386
0 0.16063596491228072 0.14071637426900585 0.011787280701754386 0.015350877192982455
0 0.1611842105263158 0.4513888888888889 0.018092105263157895 0.021929824561403508
0 0.16858552631578946 0.15460526315789475 0.01206140350877193 0.02266081871345029
0 0.18421052631578946 0.15497076023391812 0.011787280701754386 0.016812865497076022
0 0.18667763157894737 0.7580409356725146 0.014802631578947368 0.02412280701754386
0 0.18695175438596492 0.40789473684210525 0.013157894736842105 0.02046783625730994
0 0.18832236842105263 0.7152777777777778 0.015899122807017545 0.025584795321637425
0 0.19873903508771928 0.1513157894736842 0.013157894736842105 0.02046783625730994
0 0.20394736842105263 0.1388888888888889 0.011787280701754386 0.016812865497076022
0 0.20778508771929824 0.6637426900584795 0.01836622807017544 0.02850877192982456
0 0.21628289473684212 0.14839181286549707 0.013157894736842105 0.023391812865497075
0 0.21628289473684212 0.402046783625731 0.013706140350877192 0.02046783625730994
0 0.22532894736842105 0.16922514619883042 0.013980263157894737 0.019736842105263157
0 0.22807017543859648 0.18494152046783627 0.013157894736842105 0.02046783625730994
0 0.23876096491228072 0.3508771929824561 0.013157894736842105 0.019736842105263157
0 0.2768640350877193 0.3603801169590643 0.012883771929824562 0.019005847953216373
0 0.31277412280701755 0.9005847953216374 0.017269736842105265 0.02887426900584795
0 0.35389254385964913 0.7722953216374269 0.011513157894736841 0.023391812865497075
0 0.3626644736842105 0.6966374269005848 0.011787280701754386 0.023391812865497075
0 0.37993421052631576 0.6447368421052632 0.012883771929824562 0.021198830409356724
0 0.43530701754385964 0.15058479532163743 0.010142543859649123 0.011330409356725146
0 0.44243421052631576 0.1341374269005848 0.00849780701754386 0.013888888888888888
0 0.4459978070175439 0.8877923976608187 0.015076754385964912 0.031067251461988302
0 0.44627192982456143 0.1513157894736842 0.006030701754385965 0.01023391812865497
0 0.4465460526315789 0.1875 0.007401315789473684 0.010964912280701754
0 0.45230263157894735 0.19407894736842105 0.00849780701754386 0.011695906432748537
0 0.4967105263157895 0.8428362573099415 0.011239035087719298 0.019736842105263157
0 0.5008223684210527 0.20614035087719298 0.00932017543859649 0.014619883040935672
0 0.5008223684210527 0.6217105263157895 0.01617324561403509 0.025584795321637425
0 0.5087719298245614 0.5380116959064327 0.013980263157894737 0.023391812865497075
0 0.5098684210526315 0.26864035087719296 0.006578947368421052 0.013157894736842105
0 0.5131578947368421 0.606359649122807 0.018092105263157895 0.021929824561403508
0 0.5202850877192983 0.5566520467836257 0.011513157894736841 0.023391812865497075
0 0.5367324561403509 0.8505116959064327 0.00849780701754386 0.014619883040935672
0 0.5397478070175439 0.8687865497076024 0.007949561403508772 0.013888888888888888
0 0.5422149122807017 0.6933479532163743 0.01644736842105263 0.01608187134502924
0 0.5666118421052632 0.3216374269005848 0.006304824561403508 0.00804093567251462
0 0.5734649122807017 0.7675438596491229 0.012883771929824562 0.021198830409356724
0 0.5786732456140351 0.4141081871345029 0.013157894736842105 0.013888888888888888
0 0.5833333333333334 0.5252192982456141 0.012883771929824562 0.02266081871345029
0 0.5849780701754386 0.6114766081871345 0.010964912280701754 0.017909356725146198
0 0.5918311403508771 0.25146198830409355 0.008771929824561403 0.013157894736842105
0 0.5981359649122807 0.7989766081871345 0.011513157894736841 0.017543859649122806
0 0.6071820175438597 0.8786549707602339 0.01069078947368421 0.019736842105263157
0 0.6162280701754386 0.3658625730994152 0.012335526315789474 0.02046783625730994
0 0.6211622807017544 0.9433479532163743 0.006853070175438596 0.010964912280701754
0 0.6244517543859649 0.9594298245614035 0.007949561403508772 0.008771929824561403
0 0.6277412280701754 0.9696637426900585 0.00849780701754386 0.011695906432748537
0 0.6356907894736842 0.5047514619883041 0.00932017543859649 0.015350877192982455
0 0.6398026315789473 0.44334795321637427 0.01699561403508772 0.025584795321637425
0 0.640625 0.9671052631578947 0.013980263157894737 0.02412280701754386
0 0.6683114035087719 0.8717105263157895 0.008771929824561403 0.013157894736842105
0 0.6825657894736842 0.8424707602339181 0.014528508771929825 0.023391812865497075
0 0.6850328947368421 0.9956140350877193 0.008223684210526315 0.00804093567251462
0 0.6869517543859649 0.5142543859649122 0.015076754385964912 0.024853801169590642
0 0.6883223684210527 0.714546783625731 0.013706140350877192 0.021929824561403508
0 0.6910635964912281 0.7277046783625731 0.010142543859649123 0.013157894736842105
0 0.694078947368421 0.9426169590643275 0.008771929824561403 0.014985380116959063
0 0.6976425438596491 0.7507309941520468 0.01425438596491228 0.02266081871345029
0 0.7006578947368421 0.972953216374269 0.010142543859649123 0.016812865497076022
0 0.7020285087719298 0.9400584795321637 0.009868421052631578 0.01644736842105263
0 0.7066885964912281 0.9652777777777778 0.010142543859649123 0.01608187134502924
0 0.7091557017543859 0.2942251461988304 0.013706140350877192 0.01608187134502924
0 0.71875 0.9323830409356725 0.011787280701754386 0.019371345029239765
0 0.7209429824561403 0.6056286549707602 0.014528508771929825 0.023391812865497075
0 0.7354714912280702 0.5043859649122807 0.00932017543859649 0.013157894736842105
0 0.7357456140350878 0.41885964912280704 0.012883771929824562 0.019005847953216373
0 0.740953947368421 0.6885964912280702 0.01343201754385965 0.019736842105263157
0 0.7456140350877193 0.5946637426900585 0.012335526315789474 0.014619883040935672
0 0.7584978070175439 0.4963450292397661 0.01343201754385965 0.019736842105263157
0 0.7593201754385965 0.714546783625731 0.01699561403508772 0.029605263157894735
0 0.7612390350877193 0.4502923976608187 0.00932017543859649 0.017543859649122806
0 0.7741228070175439 0.2909356725146199 0.012883771929824562 0.020833333333333332
0 0.7828947368421053 0.6513157894736842 0.013157894736842105 0.019736842105263157
0 0.7900219298245614 0.846125730994152 0.01343201754385965 0.025584795321637425
0 0.8152412280701754 0.5939327485380117 0.015899122807017545 0.021929824561403508
0 0.828125 0.6513157894736842 0.015899122807017545 0.023391812865497075
0 0.8297697368421053 0.9159356725146199 0.013157894736842105 0.02412280701754386
0 0.8303179824561403 0.610014619883041 0.014802631578947368 0.02046783625730994
0 0.8363486842105263 0.6673976608187134 0.01644736842105263 0.019736842105263157
0 0.8423793859649122 0.27997076023391815 0.010964912280701754 0.01608187134502924
0 0.8506030701754386 0.6754385964912281 0.01918859649122807 0.021929824561403508
0 0.8747258771929824 0.5990497076023392 0.004660087719298245 0.01023391812865497
0 0.9057017543859649 0.7525584795321637 0.006304824561403508 0.008771929824561403
0 0.9087171052631579 0.7598684210526315 0.006030701754385965 0.010599415204678362
0 0.909265350877193 0.7474415204678363 0.006578947368421052 0.009502923976608187
0 0.9106359649122807 0.6758040935672515 0.005208333333333333 0.00804093567251462
0 0.9125548245614035 0.7679093567251462 0.006030701754385965 0.011330409356725146
0 0.9131030701754386 0.6896929824561403 0.00356359649122807 0.0062134502923976605
0 0.9133771929824561 0.7423245614035088 0.005756578947368421 0.00804093567251462
0 0.9141995614035088 0.7013888888888888 0.005482456140350877 0.005847953216374269
0 0.9141995614035088 0.7364766081871345 0.004934210526315789 0.00804093567251462
0 0.9155701754385965 0.6918859649122807 0.0043859649122807015 0.005847953216374269
0 0.9166666666666666 0.6849415204678363 0.004660087719298245 0.007675438596491228
0 0.9216008771929824 0.685672514619883 0.005756578947368421 0.006944444444444444
0 0.9246162280701754 0.7430555555555556 0.006578947368421052 0.00804093567251462
0 0.9273574561403509 0.7478070175438597 0.004111842105263158 0.004751461988304093
0 0.9279057017543859 0.6754385964912281 0.005756578947368421 0.009502923976608187
0 0.9287280701754386 0.7547514619883041 0.006578947368421052 0.008771929824561403
0 0.9290021929824561 0.6239035087719298 0.005756578947368421 0.008771929824561403
0 0.9314692982456141 0.7214912280701754 0.0030153508771929823 0.005482456140350877
0 0.9328399122807017 0.7178362573099415 0.004111842105263158 0.0043859649122807015
0 0.9451754385964912 0.6162280701754386 0.007401315789473684 0.00804093567251462
0 0.9503837719298246 0.6487573099415205 0.006578947368421052 0.008771929824561403
0 0.9756030701754386 0.5997807017543859 0.006853070175438596 0.009502923976608187
0 0.9835526315789473 0.6505847953216374 0.006578947368421052 0.009502923976608187
0 0.9901315789473685 0.66703216374269 0.0043859649122807015 0.00804093567251462
0 0.9915021929824561 0.6388888888888888 0.005756578947368421 0.010964912280701754
0 0.9928728070175439 0.6710526315789473 0.005208333333333333 0.009868421052631578
0 0.9953399122807017 0.6308479532163743 0.006578947368421052 0.01023391812865497
0 0.9961622807017544 0.6695906432748538 0.005482456140350877 0.009868421052631578
