0 0.00402046783625731 0.2694627192982456 0.00804093567251462 0.007675438596491228
0 0.0043859649122807015 0.2987938596491228 0.008771929824561403 0.009046052631578948
0 0.01023391812865497 0.2916666666666667 0.010964912280701754 0.006304824561403508
0 0.014619883040935672 0.2982456140350877 0.013157894736842105 0.008223684210526315
0 0.01827485380116959 0.25685307017543857 0.01206140350877193 0.00932017543859649
0 0.02046783625730994 0.22505482456140352 0.014985380116959063 0.009594298245614035
0 0.021564327485380116 0.27960526315789475 0.011695906432748537 0.006304824561403508
0 0.023757309941520467 0.35471491228070173 0.01023391812865497 0.007675438596491228
0 0.025950292397660817 0.26151315789473684 0.0062134502923976605 0.009046052631578948
0 0.03070175438596491 0.28344298245614036 0.007675438596491228 0.005756578947368421
0 0.03399122807017544 0.26069078947368424 0.01206140350877193 0.009046052631578948
0 0.035818713450292396 0.3536184210526316 0.011695906432748537 0.008771929824561403
0 0.036915204678362575 0.4766995614035088 0.013523391812865496 0.007401315789473684
0 0.04093567251461988 0.3736293859649123 0.006944444444444444 0.003289473684210526
0 0.04093567251461988 0.37390350877192985 0.006944444444444444 0.004111842105263158
0 0.041301169590643276 0.4692982456140351 0.009868421052631578 0.007675438596491228
0 0.04349415204678363 0.45422149122807015 0.01206140350877193 0.009046052631578948
0 0.044956140350877194 0.22807017543859648 0.0062134502923976605 0.007949561403508772
0 0.05043859649122807 0.4407894736842105 0.009137426900584795 0.009594298245614035
0 0.0537280701754386 0.33031798245614036 0.012792397660818713 0.005482456140350877
0 0.05445906432748538 0.42598684210526316 0.012426900584795321 0.009046052631578948
0 0.055190058479532164 0.34018640350877194 0.0043859649122807015 0.003289473684210526
0 0.061769005847953216 0.4106359649122807 0.01206140350877193 0.008223684210526315
0 0.06980994152046784 0.33963815789473684 0.00804093567251462 0.004934210526315789
0 0.06980994152046784 0.37801535087719296 0.009137426900584795 0.005208333333333333
0 0.07236842105263158 0.3958333333333333 0.01023391812865497 0.006853070175438596
0 0.07419590643274854 0.40323464912280704 0.009868421052631578 0.007401315789473684
0 0.0756578947368421 0.34073464912280704 0.006578947368421052 0.005208333333333333
0 0.0763888888888889 0.44764254385964913 0.011330409356725146 0.007401315789473684
0 0.07748538011695906 0.4791666666666667 0.007675438596491228 0.006304824561403508
0 0.07785087719298246 0.3867872807017544 0.00804093567251462 0.006578947368421052
0 0.0807748538011696 0.32785087719298245 0.013888888888888888 0.004934210526315789
0 0.08223684210526316 0.34484649122807015 0.003654970760233918 0.004660087719298245
0 0.08223684210526316 0.37225877192982454 0.01023391812865497 0.00712719298245614
0 0.0851608187134503 0.7280701754385965 0.010599415204678362 0.008771929824561403
0 0.08589181286549707 0.3432017543859649 0.005482456140350877 0.004660087719298245
0 0.08625730994152046 0.44956140350877194 0.006578947368421052 0.004934210526315789
0 0.08625730994152046 0.7179276315789473 0.013523391812865496 0.009046052631578948
0 0.08625730994152046 0.7286184210526315 0.009868421052631578 0.007949561403508772
0 0.08698830409356725 0.7184758771929824 0.01206140350877193 0.008223684210526315
0 0.08808479532163743 0.6214364035087719 0.013157894736842105 0.008223684210526315
0 0.08991228070175439 0.3665021929824561 0.010599415204678362 0.007949561403508772
0 0.0939327485380117 0.7250548245614035 0.009868421052631578 0.009594298245614035
0 0.09466374269005848 0.7258771929824561 0.010964912280701754 0.009594298245614035
0 0.09722222222222222 0.6156798245614035 0.014985380116959063 0.007401315789473684
0 0.097953216374269 0.42543859649122806 0.010964912280701754 0.007949561403508772
0 0.09904970760233918 0.3717105263157895 0.011330409356725146 0.006578947368421052
0 0.09978070175438597 0.621984649122807 0.013157894736842105 0.004934210526315789
0 0.10051169590643275 0.37801535087719296 0.01023391812865497 0.005208333333333333
0 0.10124269005847954 0.7176535087719298 0.011695906432748537 0.009594298245614035
0 0.10124269005847954 0.7179276315789473 0.011695906432748537 0.009046052631578948
0 0.10489766081871345 0.7234100877192983 0.011330409356725146 0.009046052631578948
0 0.10526315789473684 0.7236842105263158 0.011695906432748537 0.00932017543859649
0 0.10562865497076024 0.4237938596491228 0.01023391812865497 0.007401315789473684
0 0.1070906432748538 0.3209978070175439 0.00804093567251462 0.005208333333333333
0 0.11257309941520467 0.31167763157894735 0.009137426900584795 0.007675438596491228
0 0.11257309941520467 0.7261513157894737 0.010964912280701754 0.006853070175438596
0 0.11366959064327485 0.35827850877192985 0.01023391812865497 0.006030701754385965
0 0.11366959064327485 0.7245065789473685 0.010599415204678362 0.010416666666666666
0 0.11440058479532164 0.40844298245614036 0.012792397660818713 0.00849780701754386
0 0.11878654970760234 0.3325109649122807 0.006944444444444444 0.005208333333333333
0 0.11878654970760234 0.4706688596491228 0.01023391812865497 0.010142543859649123
0 0.11915204678362573 0.3333333333333333 0.006944444444444444 0.005208333333333333
0 0.12134502923976608 0.36403508771929827 0.01023391812865497 0.005756578947368421
0 0.12390350877192982 0.20888157894736842 0.011695906432748537 0.007675438596491228
0 0.12463450292397661 0.3451206140350877 0.003654970760233918 0.0021929824561403508
0 0.125 0.4780701754385965 0.005847953216374269 0.005756578947368421
0 0.1253654970760234 0.36896929824561403 0.00804093567251462 0.006304824561403508
0 0.1286549707602339 0.34841008771929827 0.010599415204678362 0.006030701754385965
0 0.13084795321637427 0.590734649122807 0.009137426900584795 0.004934210526315789
0 0.13157894736842105 0.4712171052631579 0.005482456140350877 0.006030701754385965
0 0.13194444444444445 0.2935855263157895 0.009502923976608187 0.007949561403508772
0 0.1337719298245614 0.33415570175438597 0.0062134502923976605 0.005208333333333333
0 0.13523391812865498 0.24067982456140352 0.012426900584795321 0.007675438596491228
0 0.13706140350877194 0.5885416666666666 0.003289473684210526 0.0030153508771929823
0 0.13742690058479531 0.33031798245614036 0.0029239766081871343 0.0043859649122807015
0 0.13779239766081872 0.37390350877192985 0.009868421052631578 0.006578947368421052
0 0.13779239766081872 0.3744517543859649 0.009868421052631578 0.005756578947368421
0 0.1385233918128655 0.4100877192982456 0.012426900584795321 0.00712719298245614
0 0.14108187134502925 0.29413377192982454 0.011330409356725146 0.008223684210526315
0 0.1425438596491228 0.34265350877192985 0.0062134502923976605 0.004934210526315789
0 0.14327485380116958 0.36951754385964913 0.004751461988304093 0.003289473684210526
0 0.14364035087719298 0.23519736842105263 0.011695906432748537 0.00849780701754386
0 0.1472953216374269 0.34841008771929827 0.005847953216374269 0.005208333333333333
0 0.1472953216374269 0.37417763157894735 0.003654970760233918 0.003289473684210526
0 0.1476608187134503 0.40405701754385964 0.010599415204678362 0.006853070175438596
0 0.15350877192982457 0.3508771929824561 0.00804093567251462 0.00356359649122807
0 0.15497076023391812 0.3248355263157895 0.007309941520467836 0.005208333333333333
0 0.15752923976608188 0.39939692982456143 0.010599415204678362 0.006030701754385965
0 0.15862573099415206 0.3196271929824561 0.0062134502923976605 0.0043859649122807015
0 0.1615497076023392 0.32346491228070173 0.006578947368421052 0.004111842105263158
0 0.1652046783625731 0.3379934210526316 0.007675438596491228 0.005756578947368421
0 0.16630116959064328 0.4048793859649123 0.009137426900584795 0.006853070175438596
0 0.16812865497076024 0.34457236842105265 0.01023391812865497 0.007401315789473684
0 0.17068713450292397 0.3645833333333333 0.008771929824561403 0.007401315789473684
0 0.17141812865497075 0.32456140350877194 0.00804093567251462 0.005756578947368421
0 0.17324561403508773 0.33305921052631576 0.009137426900584795 0.005208333333333333
0 0.17324561403508773 0.33771929824561403 0.008771929824561403 0.005482456140350877
0 0.17653508771929824 0.19078947368421054 0.01023391812865497 0.004934210526315789
0 0.17653508771929824 0.31359649122807015 0.007675438596491228 0.00356359649122807
0 0.1783625730994152 0.18612938596491227 0.009502923976608187 0.005482456140350877
0 0.18128654970760233 0.32785087719298245 0.006944444444444444 0.006578947368421052
0 0.18165204678362573 0.1962719298245614 0.008406432748538011 0.007675438596491228
0 0.18494152046783627 0.18037280701754385 0.009868421052631578 0.007949561403508772
0 0.18640350877192982 0.41694078947368424 0.009868421052631578 0.007401315789473684
0 0.18896198830409358 0.17763157894736842 0.009502923976608187 0.008771929824561403
0 0.19188596491228072 0.20668859649122806 0.012792397660818713 0.006853070175438596
0 0.19334795321637427 0.18585526315789475 0.009868421052631578 0.007949561403508772
0 0.19480994152046785 0.26836622807017546 0.00804093567251462 0.004934210526315789
0 0.19517543859649122 0.17955043859649122 0.005116959064327485 0.006853070175438596
0 0.19736842105263158 0.38788377192982454 0.009502923976608187 0.00849780701754386
0 0.19736842105263158 0.3881578947368421 0.013888888888888888 0.00932017543859649
0 0.19773391812865498 0.43393640350877194 0.012792397660818713 0.009594298245614035
0 0.19809941520467836 0.3503289473684211 0.008771929824561403 0.007675438596491228
0 0.19883040935672514 0.21765350877192982 0.009502923976608187 0.00712719298245614
0 0.19992690058479531 0.18174342105263158 0.005116959064327485 0.006030701754385965
0 0.19992690058479531 0.4128289473684211 0.00402046783625731 0.004660087719298245
0 0.2010233918128655 0.44901315789473684 0.012426900584795321 0.009046052631578948
0 0.20175438596491227 0.4682017543859649 0.01206140350877193 0.011787280701754386
0 0.20321637426900585 0.3355263157894737 0.009868421052631578 0.005756578947368421
0 0.20614035087719298 0.38377192982456143 0.009868421052631578 0.00932017543859649
0 0.2065058479532164 0.32976973684210525 0.005482456140350877 0.004660087719298245
0 0.2065058479532164 0.3475877192982456 0.010599415204678362 0.00712719298245614
0 0.21198830409356725 0.42023026315789475 0.010964912280701754 0.006304824561403508
0 0.2141812865497076 0.6447368421052632 0.009868421052631578 0.004934210526315789
0 0.2149122807017544 0.43256578947368424 0.012792397660818713 0.009046052631578948
0 0.21637426900584794 0.3854166666666667 0.009137426900584795 0.00849780701754386
0 0.21637426900584794 0.38569078947368424 0.008406432748538011 0.007675438596491228
0 0.2185672514619883 0.4087171052631579 0.00402046783625731 0.006030701754385965
0 0.21929824561403508 0.5169956140350878 0.010599415204678362 0.006853070175438596
0 0.21966374269005848 0.3138706140350877 0.010964912280701754 0.006853070175438596
0 0.22039473684210525 0.3516995614035088 0.004751461988304093 0.004660087719298245
0 0.22514619883040934 0.18092105263157895 0.009502923976608187 0.009046052631578948
0 0.22587719298245615 0.31853070175438597 0.006944444444444444 0.004111842105263158
0 0.23026315789473684 0.3385416666666667 0.006578947368421052 0.003289473684210526
0 0.23172514619883042 0.23382675438596492 0.010599415204678362 0.006578947368421052
0 0.2320906432748538 0.19654605263157895 0.011330409356725146 0.007401315789473684
0 0.2364766081871345 0.3991228070175439 0.008406432748538011 0.0043859649122807015
0 0.23684210526315788 0.4147478070175439 0.013157894736842105 0.008223684210526315
0 0.23830409356725146 0.2894736842105263 0.009137426900584795 0.006030701754385965
0 0.23903508771929824 0.2669956140350877 0.0062134502923976605 0.006853070175438596
0 0.23903508771929824 0.5290570175438597 0.008406432748538011 0.005208333333333333
0 0.23976608187134502 0.34484649122807015 0.009137426900584795 0.006853070175438596
0 0.2408625730994152 0.32401315789473684 0.011330409356725146 0.008223684210526315
0 0.2408625730994152 0.3522478070175439 0.011330409356725146 0.006578947368421052
0 0.24195906432748537 0.29714912280701755 0.008771929824561403 0.008223684210526315
0 0.24305555555555555 0.2584978070175439 0.006578947368421052 0.005208333333333333
0 0.24342105263157895 0.17900219298245615 0.013157894736842105 0.00849780701754386
0 0.2463450292397661 0.18475877192982457 0.010599415204678362 0.006578947368421052
0 0.24780701754385964 0.30948464912280704 0.008771929824561403 0.009046052631578948
0 0.24817251461988304 0.4262609649122807 0.008771929824561403 0.00849780701754386
0 0.24890350877192982 0.6422697368421053 0.011330409356725146 0.009046052631578948
0 0.24926900584795322 0.43475877192982454 0.009868421052631578 0.005756578947368421
0 0.2496345029239766 0.19216008771929824 0.010599415204678362 0.007949561403508772
0 0.25 0.6310307017543859 0.013523391812865496 0.006578947368421052
0 0.25146198830409355 0.6367872807017544 0.010599415204678362 0.007401315789473684
0 0.25146198830409355 0.6480263157894737 0.012792397660818713 0.005756578947368421
0 0.25219298245614036 0.34265350877192985 0.009502923976608187 0.006578947368421052
0 0.25219298245614036 0.34375 0.01023391812865497 0.008223684210526315
0 0.2532894736842105 0.27055921052631576 0.008406432748538011 0.007949561403508772
0 0.2540204678362573 0.23492324561403508 0.006578947368421052 0.004660087719298245
0 0.25548245614035087 0.1836622807017544 0.011695906432748537 0.007949561403508772
0 0.25621345029239767 0.28728070175438597 0.007309941520467836 0.009594298245614035
0 0.25621345029239767 0.4270833333333333 0.01206140350877193 0.007949561403508772
0 0.2569444444444444 0.2826206140350877 0.008406432748538011 0.006030701754385965
0 0.2573099415204678 0.22642543859649122 0.007675438596491228 0.007401315789473684
0 0.2576754385964912 0.33168859649122806 0.006944444444444444 0.005208333333333333
0 0.2576754385964912 0.39939692982456143 0.004751461988304093 0.004111842105263158
0 0.2580409356725146 0.39364035087719296 0.0062134502923976605 0.005482456140350877
0 0.2598684210526316 0.4355811403508772 0.007675438596491228 0.006853070175438596
0 0.260233918128655 0.31551535087719296 0.009868421052631578 0.00849780701754386
0 0.260233918128655 0.6392543859649122 0.009502923976608187 0.007949561403508772
0 0.26096491228070173 0.6307565789473685 0.009137426900584795 0.007949561403508772
0 0.26571637426900585 0.3813048245614035 0.009137426900584795 0.008223684210526315
0 0.26571637426900585 0.6348684210526315 0.0062134502923976605 0.004934210526315789
0 0.26644736842105265 0.42023026315789475 0.00402046783625731 0.0027412280701754384
0 0.26864035087719296 0.3125 0.007675438596491228 0.006578947368421052
0 0.27046783625730997 0.6400767543859649 0.01023391812865497 0.009046052631578948
0 0.2719298245614035 0.2944078947368421 0.007309941520467836 0.005482456140350877
0 0.2722953216374269 0.28234649122807015 0.008771929824561403 0.006030701754385965
0 0.2730263157894737 0.6499451754385965 0.0043859649122807015 0.001918859649122807
0 0.2733918128654971 0.2735745614035088 0.008406432748538011 0.008223684210526315
0 0.27631578947368424 0.19024122807017543 0.011695906432748537 0.007401315789473684
0 0.2774122807017544 0.3100328947368421 0.009502923976608187 0.0043859649122807015
0 0.2774122807017544 0.6573464912280702 0.013157894736842105 0.006578947368421052
0 0.2781432748538012 0.38706140350877194 0.007309941520467836 0.005756578947368421
0 0.27887426900584794 0.38760964912280704 0.008771929824561403 0.006853070175438596
0 0.27960526315789475 0.4555921052631579 0.005116959064327485 0.005756578947368421
0 0.2814327485380117 0.44243421052631576 0.009137426900584795 0.005208333333333333
0 0.28289473684210525 0.3574561403508772 0.008771929824561403 0.006304824561403508
0 0.28326023391812866 0.3500548245614035 0.006944444444444444 0.005756578947368421
0 0.2843567251461988 0.5041118421052632 0.007675438596491228 0.006578947368421052
0 0.28654970760233917 0.6543311403508771 0.01023391812865497 0.00712719298245614
0 0.28691520467836257 0.6543311403508771 0.010599415204678362 0.007401315789473684
0 0.28764619883040937 0.4967105263157895 0.009502923976608187 0.007949561403508772
0 0.2883771929824561 0.42872807017543857 0.006578947368421052 0.0043859649122807015
0 0.2883771929824561 0.4292763157894737 0.006578947368421052 0.005482456140350877
0 0.2887426900584795 0.3204495614035088 0.009502923976608187 0.005482456140350877
0 0.2894736842105263 0.649671052631579 0.009868421052631578 0.00712719298245614
0 0.29203216374269003 0.5142543859649122 0.008771929824561403 0.01069078947368421
0 0.29239766081871343 0.35663377192982454 0.010964912280701754 0.006578947368421052
0 0.2949561403508772 0.7357456140350878 0.013157894736842105 0.008771929824561403
0 0.2953216374269006 0.3157894736842105 0.010964912280701754 0.00712719298245614
0 0.295687134502924 0.7365679824561403 0.01206140350877193 0.00932017543859649
0 0.29678362573099415 0.4380482456140351 0.005482456140350877 0.00356359649122807
0 0.29751461988304095 0.2982456140350877 0.007309941520467836 0.004934210526315789
0 0.29751461988304095 0.2993421052631579 0.007309941520467836 0.006853070175438596
0 0.2982456140350877 0.5027412280701754 0.006944444444444444 0.008771929824561403
0 0.2997076023391813 0.4300986842105263 0.007675438596491228 0.006030701754385965
0 0.30043859649122806 0.3530701754385965 0.006944444444444444 0.005756578947368421
0 0.3044590643274854 0.3092105263157895 0.007675438596491228 0.009868421052631578
0 0.3044590643274854 0.3182565789473684 0.005116959064327485 0.003837719298245614
0 0.3048245614035088 0.7291666666666666 0.013888888888888888 0.009594298245614035
0 0.3059210526315789 0.7297149122807017 0.011330409356725146 0.008771929824561403
0 0.30994152046783624 0.32785087719298245 0.010599415204678362 0.004660087719298245
0 0.30994152046783624 0.3678728070175439 0.005847953216374269 0.005208333333333333
0 0.31103801169590645 0.35444078947368424 0.006944444444444444 0.005208333333333333
0 0.31140350877192985 0.3686951754385965 0.008771929824561403 0.006578947368421052
0 0.31359649122807015 0.33497807017543857 0.010599415204678362 0.006578947368421052
0 0.31396198830409355 0.375 0.008771929824561403 0.004660087719298245
0 0.31432748538011696 0.37582236842105265 0.009868421052631578 0.006578947368421052
0 0.3161549707602339 0.24725877192982457 0.00804093567251462 0.00712719298245614
0 0.3165204678362573 0.38569078947368424 0.008771929824561403 0.005482456140350877
0 0.31761695906432746 0.6236293859649122 0.005847953216374269 0.006304824561403508
0 0.3198099415204678 0.36293859649122806 0.009502923976608187 0.006304824561403508
0 0.3198099415204678 0.4114583333333333 0.008406432748538011 0.00712719298245614
0 0.32090643274853803 0.2461622807017544 0.00804093567251462 0.006030701754385965
0 0.3230994152046784 0.25356359649122806 0.005847953216374269 0.006304824561403508
0 0.32346491228070173 0.7708333333333334 0.015350877192982455 0.010964912280701754
0 0.32383040935672514 0.7593201754385965 0.01425438596491228 0.009594298245614035
0 0.32383040935672514 0.7601425438596491 0.01608187134502924 0.010142543859649123
0 0.32383040935672514 0.7702850877192983 0.01608187134502924 0.01206140350877193
0 0.32492690058479534 0.3840460526315789 0.007309941520467836 0.006030701754385965
0 0.3267543859649123 0.39035087719298245 0.009502923976608187 0.004934210526315789
0 0.32785087719298245 0.3900767543859649 0.007675438596491228 0.004111842105263158
0 0.329312865497076 0.4029605263157895 0.010964912280701754 0.007401315789473684
0 0.329312865497076 0.8941885964912281 0.013523391812865496 0.012883771929824562
0 0.3296783625730994 0.32976973684210525 0.005116959064327485 0.0043859649122807015
0 0.3300438596491228 0.84375 0.012792397660818713 0.00849780701754386
0 0.3304093567251462 0.8950109649122807 0.015350877192982455 0.011239035087719298
0 0.33114035087719296 0.37417763157894735 0.00402046783625731 0.004660087719298245
0 0.33114035087719296 0.8445723684210527 0.015350877192982455 0.010142543859649123
0 0.33150584795321636 0.7203947368421053 0.012792397660818713 0.010142543859649123
0 0.33187134502923976 0.7212171052631579 0.012792397660818713 0.00849780701754386
0 0.33260233918128657 0.7294407894736842 0.01023391812865497 0.00932017543859649
0 0.33296783625730997 0.7294407894736842 0.011330409356725146 0.00932017543859649
0 0.3340643274853801 0.8360745614035088 0.012792397660818713 0.01206140350877193
0 0.33516081871345027 0.3319627192982456 0.007675438596491228 0.006304824561403508
0 0.33516081871345027 0.37417763157894735 0.0021929824561403508 0.006304824561403508
0 0.33516081871345027 0.3834978070175439 0.009502923976608187 0.005482456140350877
0 0.33516081871345027 0.3840460526315789 0.009502923976608187 0.005482456140350877
0 0.33516081871345027 0.41584429824561403 0.008406432748538011 0.006853070175438596
0 0.3358918128654971 0.7546600877192983 0.015350877192982455 0.010416666666666666
0 0.3358918128654971 0.7549342105263158 0.015350877192982455 0.011239035087719298
0 0.3391812865497076 0.8985745614035088 0.010964912280701754 0.01206140350877193
0 0.3391812865497076 0.899671052631579 0.010964912280701754 0.013980263157894737
0 0.3399122807017544 0.7475328947368421 0.01023391812865497 0.006853070175438596
0 0.3399122807017544 0.7478070175438597 0.010599415204678362 0.007675438596491228
0 0.34247076023391815 0.2924890350877193 0.006944444444444444 0.005208333333333333
0 0.3432017543859649 0.24972587719298245 0.007675438596491228 0.005482456140350877
0 0.3442982456140351 0.24342105263157895 0.005116959064327485 0.005482456140350877
0 0.34539473684210525 0.33908991228070173 0.00804093567251462 0.00712719298245614
0 0.34539473684210525 0.7184758771929824 0.009137426900584795 0.008771929824561403
0 0.34576023391812866 0.3059210526315789 0.0043859649122807015 0.0043859649122807015
0 0.34576023391812866 0.7182017543859649 0.009502923976608187 0.009594298245614035
0 0.34649122807017546 0.2324561403508772 0.007675438596491228 0.004934210526315789
0 0.34649122807017546 0.8393640350877193 0.015350877192982455 0.013157894736842105
0 0.34649122807017546 0.8399122807017544 0.015350877192982455 0.011787280701754386
0 0.3468567251461988 0.8966557017543859 0.012426900584795321 0.01343201754385965
0 0.3468567251461988 0.897203947368421 0.012426900584795321 0.012883771929824562
0 0.347953216374269 0.22724780701754385 0.00804093567251462 0.006030701754385965
0 0.347953216374269 0.7412280701754386 0.009502923976608187 0.010142543859649123
0 0.34868421052631576 0.7415021929824561 0.010964912280701754 0.009594298245614035
0 0.34904970760233917 0.6458333333333334 0.01023391812865497 0.009046052631578948
0 0.35014619883040937 0.29714912280701755 0.005116959064327485 0.004934210526315789
0 0.3505116959064328 0.24533991228070176 0.0062134502923976605 0.005756578947368421
0 0.3508771929824561 0.4468201754385965 0.01023391812865497 0.006578947368421052
0 0.3519736842105263 0.2505482456140351 0.006944444444444444 0.006030701754385965
0 0.3519736842105263 0.25685307017543857 0.0062134502923976605 0.004660087719298245
0 0.35233918128654973 0.6411732456140351 0.008406432748538011 0.006030701754385965
0 0.3534356725146199 0.2538377192982456 0.006578947368421052 0.004660087719298245
0 0.3538011695906433 0.4934210526315789 0.007675438596491228 0.004660087719298245
0 0.3541666666666667 0.2631578947368421 0.006944444444444444 0.006030701754385965
0 0.3541666666666667 0.2631578947368421 0.00804093567251462 0.006030701754385965
0 0.35489766081871343 0.23135964912280702 0.007309941520467836 0.004660087719298245
0 0.35489766081871343 0.30235745614035087 0.006578947368421052 0.00712719298245614
0 0.35489766081871343 0.3385416666666667 0.009868421052631578 0.006578947368421052
0 0.35526315789473684 0.5778508771929824 0.010599415204678362 0.009046052631578948
0 0.35599415204678364 0.46573464912280704 0.009502923976608187 0.007675438596491228
0 0.3578216374269006 0.587171052631579 0.006578947368421052 0.009594298245614035
0 0.35855263157894735 0.31140350877192985 0.007309941520467836 0.006304824561403508
0 0.35855263157894735 0.47478070175438597 0.010964912280701754 0.009594298245614035
0 0.35928362573099415 0.2582236842105263 0.004751461988304093 0.004111842105263158
0 0.36001461988304095 0.24945175438596492 0.006944444444444444 0.004660087719298245
0 0.3644005847953216 0.5797697368421053 0.01206140350877193 0.007401315789473684
0 0.3651315789473684 0.46847587719298245 0.012426900584795321 0.01069078947368421
0 0.3654970760233918 0.5885416666666666 0.00804093567251462 0.009868421052631578
0 0.3676900584795322 0.23355263157894737 0.0062134502923976605 0.004934210526315789
0 0.3684210526315789 0.19764254385964913 0.007309941520467836 0.006304824561403508
0 0.36988304093567254 0.31332236842105265 0.0062134502923976605 0.0043859649122807015
0 0.3702485380116959 0.3053728070175439 0.007675438596491228 0.0043859649122807015
0 0.3702485380116959 0.7143640350877193 0.01023391812865497 0.009868421052631578
0 0.3706140350877193 0.7143640350877193 0.010599415204678362 0.009868421052631578
0 0.3713450292397661 0.47478070175438597 0.011695906432748537 0.009046052631578948
0 0.3742690058479532 0.5836074561403509 0.012426900584795321 0.007949561403508772
0 0.375 0.36019736842105265 0.006578947368421052 0.00712719298245614
0 0.37609649122807015 0.36156798245614036 0.006578947368421052 0.00712719298245614
0 0.37609649122807015 0.665296052631579 0.00804093567251462 0.009868421052631578
0 0.37755847953216376 0.590734649122807 0.013888888888888888 0.007675438596491228
0 0.3797514619883041 0.46792763157894735 0.016812865497076022 0.009594298245614035
0 0.38011695906432746 0.32648026315789475 0.003289473684210526 0.003289473684210526
0 0.38011695906432746 0.32730263157894735 0.003289473684210526 0.0021929824561403508
0 0.38048245614035087 0.22423245614035087 0.006944444444444444 0.005208333333333333
0 0.3815789473684211 0.3300438596491228 0.004751461988304093 0.0024671052631578946
0 0.3819444444444444 0.32976973684210525 0.003654970760233918 0.0021929824561403508
0 0.38377192982456143 0.6762609649122807 0.010599415204678362 0.00849780701754386
0 0.38633040935672514 0.3130482456140351 0.008771929824561403 0.006030701754385965
0 0.38742690058479534 0.37335526315789475 0.0062134502923976605 0.006578947368421052
0 0.38742690058479534 0.6872258771929824 0.008771929824561403 0.009868421052631578
0 0.3896198830409357 0.23135964912280702 0.005482456140350877 0.006030701754385965
0 0.39108187134502925 0.6680372807017544 0.009137426900584795 0.009594298245614035
0 0.3991228070175439 0.6776315789473685 0.009137426900584795 0.010416666666666666
0 0.40058479532163743 0.6672149122807017 0.011330409356725146 0.011239035087719298
0 0.402046783625731 0.22998903508771928 0.0062134502923976605 0.005756578947368421
0 0.4024122807017544 0.22861842105263158 0.003654970760233918 0.003289473684210526
0 0.40497076023391815 0.6825657894736842 0.011330409356725146 0.009594298245614035
0 0.40899122807017546 0.5901864035087719 0.01608187134502924 0.00932017543859649
0 0.4097222222222222 0.3985745614035088 0.009502923976608187 0.00849780701754386
0 0.420687134502924 0.2749451754385965 0.008771929824561403 0.006304824561403508
0 0.42105263157894735 0.5964912280701754 0.013157894736842105 0.009594298245614035
0 0.42214912280701755 0.3347039473684211 0.006578947368421052 0.003837719298245614
0 0.42214912280701755 0.5858004385964912 0.015716374269005847 0.011239035087719298
0 0.42251461988304095 0.4010416666666667 0.014985380116959063 0.01069078947368421
0 0.42653508771929827 0.3059210526315789 0.00402046783625731 0.0027412280701754384
0 0.427266081871345 0.3848684210526316 0.012792397660818713 0.01069078947368421
0 0.4294590643274854 0.2889254385964912 0.007675438596491228 0.006853070175438596
0 0.4298245614035088 0.2754934210526316 0.00804093567251462 0.00712719298245614
0 0.4298245614035088 0.4100877192982456 0.010964912280701754 0.009868421052631578
0 0.4305555555555556 0.3105811403508772 0.004751461988304093 0.004934210526315789
0 0.4309210526315789 0.31085526315789475 0.004751461988304093 0.004934210526315789
0 0.43201754385964913 0.43283991228070173 0.01023391812865497 0.00932017543859649
0 0.43494152046783624 0.3119517543859649 0.006944444444444444 0.005756578947368421
0 0.43567251461988304 0.3119517543859649 0.006944444444444444 0.005756578947368421
0 0.4371345029239766 0.20888157894736842 0.006578947368421052 0.005208333333333333
0 0.4378654970760234 0.23355263157894737 0.005847953216374269 0.0030153508771929823
0 0.4378654970760234 0.234375 0.005847953216374269 0.004660087719298245
0 0.4382309941520468 0.4043311403508772 0.011330409356725146 0.008223684210526315
0 0.43896198830409355 0.38980263157894735 0.015716374269005847 0.012335526315789474
0 0.43932748538011696 0.33223684210526316 0.008771929824561403 0.005756578947368421
0 0.43969298245614036 0.22697368421052633 0.0062134502923976605 0.0043859649122807015
0 0.4448099415204678 0.29714912280701755 0.004751461988304093 0.007675438596491228
0 0.44590643274853803 0.4114583333333333 0.01023391812865497 0.00849780701754386
0 0.4466374269005848 0.2324561403508772 0.007309941520467836 0.005482456140350877
0 0.4466374269005848 0.23684210526315788 0.0062134502923976605 0.004660087719298245
0 0.4480994152046784 0.33689692982456143 0.005847953216374269 0.005482456140350877
0 0.44846491228070173 0.3374451754385965 0.008406432748538011 0.006304824561403508
0 0.44883040935672514 0.34347587719298245 0.007309941520467836 0.005482456140350877
0 0.44956140350877194 0.34402412280701755 0.009502923976608187 0.00712719298245614
0 0.44956140350877194 0.3527960526315789 0.007675438596491228 0.00712719298245614
0 0.4506578947368421 0.22395833333333334 0.009868421052631578 0.006030701754385965
0 0.45285087719298245 0.36951754385964913 0.006578947368421052 0.006304824561403508
0 0.45285087719298245 0.3744517543859649 0.005847953216374269 0.004934210526315789
0 0.4546783625730994 0.22478070175438597 0.009502923976608187 0.007675438596491228
0 0.4554093567251462 0.32648026315789475 0.01023391812865497 0.00712719298245614
0 0.45614035087719296 0.23903508771929824 0.007309941520467836 0.007401315789473684
0 0.45614035087719296 0.32702850877192985 0.009868421052631578 0.00712719298245614
0 0.45650584795321636 0.23081140350877194 0.0062134502923976605 0.005482456140350877
0 0.45723684210526316 0.21875 0.009868421052631578 0.004111842105263158
0 0.45723684210526316 0.3385416666666667 0.005847953216374269 0.004934210526315789
0 0.45796783625730997 0.3393640350877193 0.009137426900584795 0.007675438596491228
0 0.4594298245614035 0.35635964912280704 0.00804093567251462 0.006578947368421052
0 0.4619883040935672 0.2225877192982456 0.006944444444444444 0.005208333333333333
0 0.46271929824561403 0.47094298245614036 0.0043859649122807015 0.0043859649122807015
0 0.46381578947368424 0.22807017543859648 0.007309941520467836 0.006853070175438596
0 0.4641812865497076 0.3319627192982456 0.005847953216374269 0.003289473684210526
0 0.4649122807017544 0.3333333333333333 0.007309941520467836 0.004934210526315789
0 0.47002923976608185 0.32785087719298245 0.0062134502923976605 0.004660087719298245
0 0.47039473684210525 0.32730263157894735 0.003289473684210526 0.0027412280701754384
0 0.4725877192982456 0.23766447368421054 0.0062134502923976605 0.007949561403508772
0 0.47404970760233917 0.32510964912280704 0.004751461988304093 0.00356359649122807
0 0.4780701754385965 0.23327850877192982 0.006578947368421052 0.006304824561403508
0 0.47953216374269003 0.2793311403508772 0.008406432748538011 0.008223684210526315
0 0.4828216374269006 0.22505482456140352 0.005482456140350877 0.00356359649122807
0 0.4894005847953216 0.23547149122807018 0.006578947368421052 0.006578947368421052
0 0.4904970760233918 0.2878289473684211 0.007675438596491228 0.006030701754385965
0 0.4904970760233918 0.5476973684210527 0.007309941520467836 0.006304824561403508
0 0.49122807017543857 0.30098684210526316 0.0043859649122807015 0.0043859649122807015
0 0.4919590643274854 0.5479714912280702 0.007309941520467836 0.006304824561403508
0 0.49415204678362573 0.3379934210526316 0.008771929824561403 0.0043859649122807015
0 0.49488304093567254 0.13130482456140352 0.010964912280701754 0.007949561403508772
0 0.4956140350877193 0.25082236842105265 0.007675438596491228 0.006030701754385965
0 0.4963450292397661 0.2650767543859649 0.008406432748538011 0.005482456140350877
0 0.4967105263157895 0.328125 0.00804093567251462 0.006030701754385965
0 0.49744152046783624 0.2897478070175439 0.010964912280701754 0.006853070175438596
0 0.49780701754385964 0.2738486842105263 0.006944444444444444 0.005208333333333333
0 0.49890350877192985 0.25466008771929827 0.005847953216374269 0.004660087719298245
0 0.4992690058479532 0.549890350877193 0.008406432748538011 0.005756578947368421
0 0.4996345029239766 0.25411184210526316 0.005847953216374269 0.004660087719298245
0 0.5003654970760234 0.30290570175438597 0.009868421052631578 0.006853070175438596
0 0.5007309941520468 0.3338815789473684 0.010599415204678362 0.006578947368421052
0 0.5010964912280702 0.3031798245614035 0.008771929824561403 0.006030701754385965
0 0.501827485380117 0.40350877192982454 0.005116959064327485 0.003837719298245614
0 0.5021929824561403 0.27055921052631576 0.0062134502923976605 0.006030701754385965
0 0.5047514619883041 0.13843201754385964 0.01023391812865497 0.008771929824561403
0 0.5062134502923976 0.4024122807017544 0.006578947368421052 0.005482456140350877
0 0.5142543859649122 0.0805921052631579 0.01023391812865497 0.006304824561403508
0 0.5153508771929824 0.3442982456140351 0.009868421052631578 0.006030701754385965
0 0.5164473684210527 0.26726973684210525 0.0043859649122807015 0.003837719298245614
0 0.5171783625730995 0.2680921052631579 0.005482456140350877 0.005482456140350877
0 0.5171783625730995 0.2916666666666667 0.007309941520467836 0.006853070175438596
0 0.5190058479532164 0.3374451754385965 0.008771929824561403 0.006853070175438596
0 0.5197368421052632 0.3511513157894737 0.009502923976608187 0.005208333333333333
0 0.5233918128654971 0.14281798245614036 0.011695906432748537 0.011239035087719298
0 0.5244883040935673 0.296875 0.005482456140350877 0.005756578947368421
0 0.5248538011695907 0.29769736842105265 0.007675438596491228 0.00712719298245614
0 0.5252192982456141 0.2590460526315789 0.006578947368421052 0.006304824561403508
0 0.5274122807017544 0.524671052631579 0.01206140350877193 0.007949561403508772
0 0.5277777777777778 0.0912828947368421 0.01023391812865497 0.007675438596491228
0 0.5292397660818714 0.4067982456140351 0.00804093567251462 0.006304824561403508
0 0.5299707602339181 0.41831140350877194 0.00804093567251462 0.005208333333333333
0 0.5303362573099415 0.5158991228070176 0.017178362573099414 0.00932017543859649
0 0.5303362573099415 0.5164473684210527 0.017178362573099414 0.011787280701754386
0 0.5307017543859649 0.4654605263157895 0.005847953216374269 0.006030701754385965
0 0.5321637426900585 0.2935855263157895 0.005482456140350877 0.004934210526315789
0 0.5328947368421053 0.4141995614035088 0.006944444444444444 0.006030701754385965
0 0.5332602339181286 0.2955043859649123 0.009137426900584795 0.006853070175438596
0 0.5350877192982456 0.11403508771929824 0.009137426900584795 0.007675438596491228
0 0.535453216374269 0.5956688596491229 0.01608187134502924 0.01069078947368421
0 0.5376461988304093 0.40323464912280704 0.006944444444444444 0.006304824561403508
0 0.5409356725146199 0.524671052631579 0.012792397660818713 0.00849780701754386
0 0.5416666666666666 0.10663377192982457 0.01206140350877193 0.008223684210526315
0 0.5442251461988304 0.5882675438596491 0.015716374269005847 0.010964912280701754
0 0.5449561403508771 0.4915021929824561 0.013157894736842105 0.009594298245614035
0 0.5460526315789473 0.5021929824561403 0.012426900584795321 0.009046052631578948
0 0.5471491228070176 0.33908991228070173 0.006944444444444444 0.006853070175438596
0 0.547514619883041 0.6044407894736842 0.017543859649122806 0.013157894736842105
0 0.5504385964912281 0.24835526315789475 0.008406432748538011 0.007675438596491228
0 0.5504385964912281 0.3958333333333333 0.006944444444444444 0.005482456140350877
0 0.5529970760233918 0.2574013157894737 0.006944444444444444 0.005208333333333333
0 0.5533625730994152 0.2650767543859649 0.007309941520467836 0.006578947368421052
0 0.5537280701754386 0.28015350877192985 0.0062134502923976605 0.004660087719298245
0 0.5537280701754386 0.49040570175438597 0.00804093567251462 0.00712719298245614
0 0.5544590643274854 0.28618421052631576 0.005847953216374269 0.004934210526315789
0 0.555921052631579 0.6707785087719298 0.01425438596491228 0.009594298245614035
0 0.5566520467836257 0.10087719298245613 0.01023391812865497 0.007675438596491228
0 0.5566520467836257 0.24862938596491227 0.0062134502923976605 0.007675438596491228
0 0.5566520467836257 0.6710526315789473 0.01425438596491228 0.009868421052631578
0 0.5584795321637427 0.2902960526315789 0.005847953216374269 0.004111842105263158
0 0.5592105263157895 0.5013706140350878 0.015350877192982455 0.010964912280701754
0 0.5595760233918129 0.6762609649122807 0.01023391812865497 0.00356359649122807
0 0.5614035087719298 0.29385964912280704 0.005116959064327485 0.004660087719298245
0 0.5617690058479532 0.5759320175438597 0.0043859649122807015 0.006304824561403508
0 0.5628654970760234 0.27768640350877194 0.005847953216374269 0.005208333333333333
0 0.5639619883040936 0.26836622807017546 0.008406432748538011 0.006578947368421052
0 0.5646929824561403 0.2563048245614035 0.005482456140350877 0.007675438596491228
0 0.5665204678362573 0.10389254385964912 0.014985380116959063 0.010416666666666666
0 0.5676169590643275 0.38980263157894735 0.007309941520467836 0.005482456140350877
0 0.569078947368421 0.08717105263157894 0.013523391812865496 0.009046052631578948
0 0.569078947368421 0.5657894736842105 0.006578947368421052 0.006578947368421052
0 0.569078947368421 0.6694078947368421 0.013157894736842105 0.009594298245614035
0 0.569078947368421 0.727796052631579 0.012792397660818713 0.011239035087719298
0 0.5694444444444444 0.3344298245614035 0.00804093567251462 0.008223684210526315
0 0.5698099415204678 0.6696820175438597 0.013157894736842105 0.011239035087719298
0 0.5701754385964912 0.5841557017543859 0.005847953216374269 0.00932017543859649
0 0.570906432748538 0.45778508771929827 0.007309941520467836 0.004660087719298245
0 0.5723684210526315 0.25959429824561403 0.005847953216374269 0.006578947368421052
0 0.5723684210526315 0.6790021929824561 0.014985380116959063 0.00932017543859649
0 0.5727339181286549 0.6790021929824561 0.01425438596491228 0.009594298245614035
0 0.5760233918128655 0.7382127192982456 0.012426900584795321 0.00932017543859649
0 0.5796783625730995 0.48656798245614036 0.01425438596491228 0.007675438596491228
0 0.5804093567251462 0.3319627192982456 0.008771929824561403 0.007675438596491228
0 0.5815058479532164 0.731359649122807 0.014985380116959063 0.01069078947368421
0 0.58296783625731 0.4934210526315789 0.014985380116959063 0.00932017543859649
0 0.5847953216374269 0.5742872807017544 0.00804093567251462 0.00932017543859649
0 0.5851608187134503 0.4076206140350877 0.005847953216374269 0.005208333333333333
0 0.5855263157894737 0.2669956140350877 0.008771929824561403 0.005482456140350877
0 0.5855263157894737 0.6620065789473685 0.013523391812865496 0.006304824561403508
0 0.5873538011695907 0.24753289473684212 0.006944444444444444 0.006030701754385965
0 0.5873538011695907 0.65625 0.012792397660818713 0.00849780701754386
0 0.5884502923976608 0.5693530701754386 0.013523391812865496 0.00932017543859649
0 0.5888157894736842 0.48273026315789475 0.009137426900584795 0.008771929824561403
0 0.5888157894736842 0.6559758771929824 0.014985380116959063 0.009046052631578948
0 0.5891812865497076 0.40652412280701755 0.00402046783625731 0.0043859649122807015
0 0.589546783625731 0.48273026315789475 0.012426900584795321 0.008771929824561403
0 0.5902777777777778 0.14528508771929824 0.005847953216374269 0.00849780701754386
0 0.5917397660818714 0.7341008771929824 0.01023391812865497 0.012335526315789474
0 0.5924707602339181 0.25466008771929827 0.007309941520467836 0.006030701754385965
0 0.5932017543859649 0.24588815789473684 0.005482456140350877 0.006304824561403508
0 0.5932017543859649 0.37198464912280704 0.008771929824561403 0.00849780701754386
0 0.596125730994152 0.3371710526315789 0.006944444444444444 0.006578947368421052
0 0.5972222222222222 0.18722587719298245 0.009868421052631578 0.006853070175438596
0 0.5983187134502924 0.4923245614035088 0.015350877192982455 0.007675438596491228
0 0.5986842105263158 0.1806469298245614 0.006944444444444444 0.007675438596491228
0 0.6005116959064327 0.5002741228070176 0.013157894736842105 0.010142543859649123
0 0.6008771929824561 0.5002741228070176 0.015350877192982455 0.010142543859649123
0 0.6023391812865497 0.3632127192982456 0.01023391812865497 0.006853070175438596
0 0.6030701754385965 0.08771929824561403 0.01023391812865497 0.00712719298245614
0 0.6030701754385965 0.14007675438596492 0.013523391812865496 0.008223684210526315
0 0.6038011695906432 0.17214912280701755 0.008406432748538011 0.00712719298245614
0 0.60453216374269 0.3503289473684211 0.00804093567251462 0.008223684210526315
0 0.60453216374269 0.37006578947368424 0.00804093567251462 0.006578947368421052
0 0.6048976608187134 0.20148026315789475 0.007675438596491228 0.008771929824561403
0 0.6048976608187134 0.5104166666666666 0.011330409356725146 0.010416666666666666
0 0.6052631578947368 0.5106907894736842 0.011695906432748537 0.010416666666666666
0 0.6056286549707602 0.4550438596491228 0.0043859649122807015 0.0027412280701754384
0 0.6059941520467836 0.2680921052631579 0.00402046783625731 0.0043859649122807015
0 0.6074561403508771 0.2579495614035088 0.006578947368421052 0.00712719298245614
0 0.6078216374269005 0.27713815789473684 0.010964912280701754 0.006853070175438596
0 0.6092836257309941 0.49698464912280704 0.00804093567251462 0.00849780701754386
0 0.610014619883041 0.3977521929824561 0.005482456140350877 0.004660087719298245
0 0.6103801169590644 0.3379934210526316 0.008406432748538011 0.007675438596491228
0 0.6103801169590644 0.35471491228070173 0.006578947368421052 0.009594298245614035
0 0.6151315789473685 0.3053728070175439 0.008771929824561403 0.008223684210526315
0 0.6158625730994152 0.2637061403508772 0.0062134502923976605 0.0043859649122807015
0 0.6169590643274854 0.20531798245614036 0.007675438596491228 0.006304824561403508
0 0.6173245614035088 0.26398026315789475 0.008771929824561403 0.006853070175438596
0 0.6195175438596491 0.08196271929824561 0.009502923976608187 0.013157894736842105
0 0.6198830409356725 0.25411184210526316 0.007309941520467836 0.007675438596491228
0 0.6206140350877193 0.22231359649122806 0.007309941520467836 0.006304824561403508
0 0.6206140350877193 0.28152412280701755 0.011330409356725146 0.007401315789473684
0 0.6235380116959064 0.5635964912280702 0.01608187134502924 0.007675438596491228
0 0.6235380116959064 0.5646929824561403 0.01608187134502924 0.009868421052631578
0 0.6257309941520468 0.555921052631579 0.015350877192982455 0.009594298245614035
0 0.6257309941520468 0.5564692982456141 0.015350877192982455 0.00849780701754386
0 0.6279239766081871 0.24917763157894737 0.006944444444444444 0.007401315789473684
0 0.6290204678362573 0.24917763157894737 0.009137426900584795 0.007401315789473684
0 0.6290204678362573 0.2864583333333333 0.01023391812865497 0.007949561403508772
0 0.6301169590643275 0.2576754385964912 0.0062134502923976605 0.0043859649122807015
0 0.631578947368421 0.22532894736842105 0.007675438596491228 0.006578947368421052
0 0.6326754385964912 0.10882675438596491 0.012426900584795321 0.01069078947368421
0 0.6348684210526315 0.2168311403508772 0.009868421052631578 0.006578947368421052
0 0.6465643274853801 0.41694078947368424 0.005847953216374269 0.005756578947368421
0 0.6476608187134503 0.23273026315789475 0.008771929824561403 0.007675438596491228
0 0.6487573099415205 0.27658991228070173 0.006578947368421052 0.006030701754385965
0 0.6494883040935673 0.36211622807017546 0.0043859649122807015 0.004934210526315789
0 0.6571637426900585 0.3481359649122807 0.009502923976608187 0.007675438596491228
0 0.6571637426900585 0.4956140350877193 0.009502923976608187 0.008771929824561403
0 0.6611842105263158 0.3873355263157895 0.006578947368421052 0.00356359649122807
0 0.6633771929824561 0.34347587719298245 0.010964912280701754 0.008223684210526315
0 0.6659356725146199 0.5008223684210527 0.010964912280701754 0.009046052631578948
0 0.6681286549707602 0.3355263157894737 0.010964912280701754 0.00849780701754386
0 0.6703216374269005 0.22313596491228072 0.008406432748538011 0.008223684210526315
0 0.6703216374269005 0.4923245614035088 0.01425438596491228 0.007675438596491228
0 0.6728801169590644 0.3983004385964912 0.009502923976608187 0.008223684210526315
0 0.6732456140350878 0.3983004385964912 0.009137426900584795 0.008223684210526315
0 0.6739766081871345 0.29002192982456143 0.00804093567251462 0.005756578947368421
0 0.6747076023391813 0.13596491228070176 0.010599415204678362 0.00849780701754386
0 0.6779970760233918 0.27521929824561403 0.008771929824561403 0.006304824561403508
0 0.6794590643274854 0.22861842105263158 0.009502923976608187 0.007675438596491228
0 0.6864035087719298 0.3040021929824561 0.009868421052631578 0.006853070175438596
0 0.6867690058479532 0.13432017543859648 0.012792397660818713 0.008223684210526315
0 0.6882309941520468 0.26480263157894735 0.005847953216374269 0.007401315789473684
0 0.6889619883040936 0.12527412280701755 0.01023391812865497 0.006853070175438596
0 0.689327485380117 0.3451206140350877 0.00804093567251462 0.005482456140350877
0 0.6911549707602339 0.5433114035087719 0.009502923976608187 0.007675438596491228
0 0.6915204678362573 0.5444078947368421 0.009502923976608187 0.007675438596491228
0 0.6933479532163743 0.2864583333333333 0.010599415204678362 0.008771929824561403
0 0.6977339181286549 0.47368421052631576 0.013888888888888888 0.010416666666666666
0 0.6988304093567251 0.5696271929824561 0.010964912280701754 0.009046052631578948
0 0.7002923976608187 0.569078947368421 0.010964912280701754 0.009046052631578948
0 0.7013888888888888 0.328125 0.010964912280701754 0.006030701754385965
0 0.7028508771929824 0.14802631578947367 0.007309941520467836 0.005756578947368421
0 0.7035818713450293 0.2505482456140351 0.004751461988304093 0.005756578947368421
0 0.7054093567251462 0.1367872807017544 0.010964912280701754 0.008223684210526315
0 0.7076023391812866 0.5641447368421053 0.008771929824561403 0.00849780701754386
0 0.7086988304093568 0.4668311403508772 0.01206140350877193 0.008771929824561403
0 0.7123538011695907 0.1981907894736842 0.007309941520467836 0.005208333333333333
0 0.7134502923976608 0.14226973684210525 0.00804093567251462 0.006853070175438596
0 0.7141812865497076 0.28618421052631576 0.008771929824561403 0.007675438596491228
0 0.714546783625731 0.2669956140350877 0.004751461988304093 0.006030701754385965
0 0.7156432748538012 0.19024122807017543 0.009502923976608187 0.005756578947368421
0 0.7167397660818714 0.23711622807017543 0.007675438596491228 0.006578947368421052
0 0.7167397660818714 0.29797149122807015 0.009137426900584795 0.006304824561403508
0 0.7174707602339181 0.27521929824561403 0.005847953216374269 0.006578947368421052
0 0.7182017543859649 0.14802631578947367 0.0062134502923976605 0.005482456140350877
0 0.7218567251461988 0.3111293859649123 0.011330409356725146 0.009594298245614035
0 0.7222222222222222 0.4725877192982456 0.009868421052631578 0.0043859649122807015
0 0.722953216374269 0.19106359649122806 0.005847953216374269 0.005208333333333333
0 0.7244152046783626 0.2949561403508772 0.008771929824561403 0.007949561403508772
0 0.7284356725146199 0.19106359649122806 0.009137426900584795 0.007675438596491228
0 0.7288011695906432 0.47944078947368424 0.0043859649122807015 0.006853070175438596
0 0.7302631578947368 0.24725877192982457 0.006578947368421052 0.006030701754385965
0 0.7317251461988304 0.17817982456140352 0.009137426900584795 0.00712719298245614
0 0.7339181286549707 0.5317982456140351 0.010599415204678362 0.008223684210526315
0 0.7383040935672515 0.24369517543859648 0.010964912280701754 0.00932017543859649
0 0.7386695906432749 0.19106359649122806 0.011695906432748537 0.00849780701754386
0 0.7404970760233918 0.20614035087719298 0.008771929824561403 0.008223684210526315
0 0.7408625730994152 0.17790570175438597 0.007309941520467836 0.007401315789473684
0 0.7412280701754386 0.234375 0.010964912280701754 0.010142543859649123
0 0.743421052631579 0.5293311403508771 0.01023391812865497 0.010142543859649123
0 0.743421052631579 0.5293311403508771 0.01023391812865497 0.010416666666666666
0 0.7437865497076024 0.2883771929824561 0.009868421052631578 0.006853070175438596
0 0.7445175438596491 0.25959429824561403 0.007675438596491228 0.006578947368421052
0 0.7452485380116959 0.16392543859649122 0.011695906432748537 0.006853070175438596
0 0.7463450292397661 0.17242324561403508 0.010599415204678362 0.010142543859649123
0 0.7474415204678363 0.2480811403508772 0.011695906432748537 0.009594298245614035
0 0.7478070175438597 0.42160087719298245 0.009868421052631578 0.006030701754385965
0 0.7489035087719298 0.47286184210526316 0.00804093567251462 0.004111842105263158
0 0.7514619883040936 0.5320723684210527 0.013888888888888888 0.006578947368421052
0 0.7521929824561403 0.5323464912280702 0.014985380116959063 0.006578947368421052
0 0.7525584795321637 0.4284539473684211 0.009137426900584795 0.00932017543859649
0 0.7525584795321637 0.4780701754385965 0.011330409356725146 0.00712719298245614
0 0.7547514619883041 0.5496162280701754 0.010599415204678362 0.007949561403508772
0 0.7551169590643275 0.549890350877193 0.010599415204678362 0.007949561403508772
0 0.7554824561403509 0.16748903508771928 0.008406432748538011 0.00849780701754386
0 0.7602339181286549 0.30372807017543857 0.008771929824561403 0.010416666666666666
0 0.7620614035087719 0.2623355263157895 0.004751461988304093 0.007401315789473684
0 0.7638888888888888 0.2099780701754386 0.009137426900584795 0.006853070175438596
0 0.7638888888888888 0.21518640350877194 0.009137426900584795 0.004934210526315789
0 0.7664473684210527 0.5315241228070176 0.013157894736842105 0.008223684210526315
0 0.7675438596491229 0.53125 0.014619883040935672 0.008771929824561403
0 0.768640350877193 0.16447368421052633 0.007675438596491228 0.010142543859649123
0 0.768640350877193 0.26973684210526316 0.007309941520467836 0.005208333333333333
0 0.7701023391812866 0.1737938596491228 0.009868421052631578 0.005482456140350877
0 0.7701023391812866 0.6699561403508771 0.005482456140350877 0.004111842105263158
0 0.7715643274853801 0.2099780701754386 0.011330409356725146 0.007675438596491228
0 0.7722953216374269 0.14364035087719298 0.012426900584795321 0.009868421052631578
0 0.7733918128654971 0.6751644736842105 0.0043859649122807015 0.003837719298245614
0 0.7737573099415205 0.6724232456140351 0.0021929824561403508 0.0027412280701754384
0 0.7755847953216374 0.37143640350877194 0.008771929824561403 0.006853070175438596
0 0.7759502923976608 0.4739583333333333 0.014619883040935672 0.010416666666666666
0 0.7763157894736842 0.16666666666666666 0.007675438596491228 0.010964912280701754
0 0.7763157894736842 0.46655701754385964 0.012792397660818713 0.007401315789473684
0 0.7814327485380117 0.22861842105263158 0.008771929824561403 0.007949561403508772
0 0.7821637426900585 0.6101973684210527 0.009137426900584795 0.007675438596491228
0 0.7828947368421053 0.1367872807017544 0.013157894736842105 0.009868421052631578
0 0.783625730994152 0.37280701754385964 0.006944444444444444 0.006578947368421052
0 0.783625730994152 0.5652412280701754 0.012426900584795321 0.009594298245614035
0 0.7869152046783626 0.46655701754385964 0.007309941520467836 0.005482456140350877
0 0.7883771929824561 0.2118969298245614 0.007675438596491228 0.007675438596491228
0 0.7891081871345029 0.4725877192982456 0.011330409356725146 0.007401315789473684
0 0.7891081871345029 0.6277412280701754 0.009502923976608187 0.006853070175438596
0 0.7894736842105263 0.4725877192982456 0.012792397660818713 0.007401315789473684
0 0.7909356725146199 0.4761513157894737 0.011330409356725146 0.007401315789473684
0 0.7916666666666666 0.13898026315789475 0.011695906432748537 0.009868421052631578
0 0.7916666666666666 0.22121710526315788 0.006944444444444444 0.005208333333333333
0 0.7927631578947368 0.43064692982456143 0.005847953216374269 0.0043859649122807015
0 0.7945906432748538 0.21792763157894737 0.004751461988304093 0.003837719298245614
0 0.7945906432748538 0.25219298245614036 0.013523391812865496 0.007675438596491228
0 0.7945906432748538 0.609375 0.01425438596491228 0.011239035087719298
0 0.7964181286549707 0.5671600877192983 0.010599415204678362 0.007949561403508772
0 0.7964181286549707 0.5748355263157895 0.009137426900584795 0.01069078947368421
0 0.7989766081871345 0.14802631578947367 0.009137426900584795 0.006304824561403508
0 0.7997076023391813 0.33168859649122806 0.009868421052631578 0.008771929824561403
0 0.8004385964912281 0.6175986842105263 0.01425438596491228 0.01069078947368421
0 0.8008040935672515 0.6395285087719298 0.010964912280701754 0.006304824561403508
0 0.8033625730994152 0.2661732456140351 0.01206140350877193 0.010416666666666666
0 0.8062865497076024 0.31524122807017546 0.012426900584795321 0.007401315789473684
0 0.8084795321637427 0.6260964912280702 0.012426900584795321 0.008223684210526315
0 0.8088450292397661 0.6724232456140351 0.009502923976608187 0.005756578947368421
0 0.8099415204678363 0.6398026315789473 0.007309941520467836 0.009046052631578948
0 0.8121345029239766 0.3495065789473684 0.009868421052631578 0.006304824561403508
0 0.8139619883040936 0.31030701754385964 0.009502923976608187 0.006578947368421052
0 0.8157894736842105 0.28426535087719296 0.003289473684210526 0.0030153508771929823
0 0.8179824561403509 0.21737938596491227 0.009868421052631578 0.00849780701754386
0 0.8183479532163743 0.25109649122807015 0.014619883040935672 0.00849780701754386
0 0.8187134502923976 0.34457236842105265 0.009868421052631578 0.004934210526315789
0 0.8249269005847953 0.23026315789473684 0.012792397660818713 0.00712719298245614
0 0.8289473684210527 0.29523026315789475 0.00804093567251462 0.011239035087719298
0 0.83296783625731 0.23519736842105263 0.007309941520467836 0.006853070175438596
0 0.8351608187134503 0.41036184210526316 0.010964912280701754 0.007949561403508772
0 0.8355263157894737 0.29139254385964913 0.010599415204678362 0.00849780701754386
0 0.8355263157894737 0.41831140350877194 0.013888888888888888 0.01069078947368421
0 0.8373538011695907 0.24150219298245615 0.009502923976608187 0.006853070175438596
0 0.8380847953216374 0.24205043859649122 0.010964912280701754 0.007949561403508772
0 0.841374269005848 0.25959429824561403 0.012792397660818713 0.00932017543859649
0 0.841374269005848 0.2604166666666667 0.01206140350877193 0.00932017543859649
0 0.8457602339181286 0.42653508771929827 0.009137426900584795 0.007401315789473684
0 0.8468567251461988 0.23656798245614036 0.009868421052631578 0.007401315789473684
0 0.8472222222222222 0.5131578947368421 0.01206140350877193 0.006030701754385965
0 0.847953216374269 0.20559210526315788 0.010599415204678362 0.007675438596491228
0 0.8483187134502924 0.41310307017543857 0.01206140350877193 0.00849780701754386
0 0.8486842105263158 0.503015350877193 0.009502923976608187 0.007949561403508772
0 0.8490497076023392 0.2713815789473684 0.007675438596491228 0.005208333333333333
0 0.8494152046783626 0.125 0.012792397660818713 0.010964912280701754
0 0.8516081871345029 0.7069627192982456 0.01023391812865497 0.009868421052631578
0 0.8519736842105263 0.7077850877192983 0.009868421052631578 0.008223684210526315
0 0.8523391812865497 0.5317982456140351 0.004751461988304093 0.004660087719298245
0 0.8552631578947368 0.4605263157894737 0.009137426900584795 0.007949561403508772
0 0.8552631578947368 0.5175438596491229 0.008771929824561403 0.008223684210526315
0 0.8556286549707602 0.21134868421052633 0.012792397660818713 0.008771929824561403
0 0.8559941520467836 0.48135964912280704 0.01023391812865497 0.00932017543859649
0 0.8567251461988304 0.7203947368421053 0.00804093567251462 0.008223684210526315
0 0.8570906432748538 0.44819078947368424 0.010599415204678362 0.008223684210526315
0 0.8574561403508771 0.44819078947368424 0.010964912280701754 0.007675438596491228
0 0.8578216374269005 0.48081140350877194 0.01023391812865497 0.007949561403508772
0 0.8585526315789473 0.6992872807017544 0.009502923976608187 0.009046052631578948
0 0.8589181286549707 0.6992872807017544 0.010964912280701754 0.009046052631578948
0 0.8589181286549707 0.7206688596491229 0.009868421052631578 0.010416666666666666
0 0.860014619883041 0.4550438596491228 0.008771929824561403 0.007949561403508772
0 0.860014619883041 0.5046600877192983 0.010964912280701754 0.007949561403508772
0 0.8603801169590644 0.5345394736842105 0.006944444444444444 0.00712719298245614
0 0.8603801169590644 0.7118969298245614 0.01023391812865497 0.010142543859649123
0 0.8603801169590644 0.7118969298245614 0.010964912280701754 0.008771929824561403
0 0.8614766081871345 0.7058662280701754 0.009868421052631578 0.006578947368421052
0 0.8618421052631579 0.39172149122807015 0.009502923976608187 0.007401315789473684
0 0.8633040935672515 0.2552083333333333 0.011330409356725146 0.007401315789473684
0 0.8633040935672515 0.5293311403508771 0.005482456140350877 0.005756578947368421
0 0.8636695906432749 0.5304276315789473 0.0062134502923976605 0.004660087719298245
0 0.8647660818713451 0.43777412280701755 0.009868421052631578 0.007949561403508772
0 0.8651315789473685 0.24698464912280702 0.010964912280701754 0.007949561403508772
0 0.8651315789473685 0.24725877192982457 0.010964912280701754 0.00712719298245614
0 0.8669590643274854 0.40625 0.006578947368421052 0.006304824561403508
0 0.868421052631579 0.721765350877193 0.0062134502923976605 0.007401315789473684
0 0.8687865497076024 0.6984649122807017 0.010599415204678362 0.009594298245614035
0 0.8691520467836257 0.7220394736842105 0.007309941520467836 0.007401315789473684
0 0.8695175438596491 0.6995614035087719 0.010964912280701754 0.008771929824561403
0 0.8713450292397661 0.25603070175438597 0.00804093567251462 0.008223684210526315
0 0.8713450292397661 0.25685307017543857 0.00804093567251462 0.006853070175438596
0 0.873172514619883 0.48273026315789475 0.009868421052631578 0.007949561403508772
0 0.8735380116959064 0.4824561403508772 0.009137426900584795 0.007401315789473684
0 0.8742690058479532 0.22724780701754385 0.010964912280701754 0.007949561403508772
0 0.875 0.34484649122807015 0.008406432748538011 0.006030701754385965
0 0.8757309941520468 0.3549890350877193 0.01023391812865497 0.00712719298245614
0 0.8771929824561403 0.2538377192982456 0.010599415204678362 0.009046052631578948
0 0.8771929824561403 0.4750548245614035 0.011695906432748537 0.007401315789473684
0 0.8771929824561403 0.4967105263157895 0.007309941520467836 0.00356359649122807
0 0.8779239766081871 0.4114583333333333 0.010599415204678362 0.005756578947368421
0 0.8782894736842105 0.12801535087719298 0.012426900584795321 0.009594298245614035
0 0.8793859649122807 0.13596491228070176 0.012792397660818713 0.00849780701754386
0 0.8812134502923976 0.14912280701754385 0.012792397660818713 0.009046052631578948
0 0.8812134502923976 0.27850877192982454 0.009868421052631578 0.00849780701754386
0 0.8830409356725146 0.49780701754385964 0.008771929824561403 0.005482456140350877
0 0.8841374269005848 0.48739035087719296 0.01023391812865497 0.006853070175438596
0 0.8845029239766082 0.23574561403508773 0.01023391812865497 0.00849780701754386
0 0.8845029239766082 0.5394736842105263 0.00804093567251462 0.006853070175438596
0 0.8848684210526315 0.5394736842105263 0.006944444444444444 0.006853070175438596
0 0.8852339181286549 0.48739035087719296 0.013157894736842105 0.008771929824561403
0 0.8859649122807017 0.23574561403508773 0.012792397660818713 0.00849780701754386
0 0.8885233918128655 0.27850877192982454 0.008406432748538011 0.008223684210526315
0 0.8907163742690059 0.15625 0.01425438596491228 0.009868421052631578
0 0.8910818713450293 0.5529057017543859 0.00804093567251462 0.006578947368421052
0 0.8921783625730995 0.49835526315789475 0.007675438596491228 0.006304824561403508
0 0.893640350877193 0.5581140350877193 0.005482456140350877 0.0043859649122807015
0 0.8976608187134503 0.5641447368421053 0.006944444444444444 0.006578947368421052
0 0.8980263157894737 0.38788377192982454 0.007675438596491228 0.0030153508771929823
0 0.8983918128654971 0.5485197368421053 0.009137426900584795 0.005482456140350877
0 0.8991228070175439 0.5778508771929824 0.005847953216374269 0.004660087719298245
0 0.8994883040935673 0.3911732456140351 0.008771929824561403 0.004660087719298245
0 0.9093567251461988 0.38843201754385964 0.009868421052631578 0.00712719298245614
0 0.9097222222222222 0.40734649122807015 0.0062134502923976605 0.006030701754385965
0 0.9108187134502924 0.3980263157894737 0.008406432748538011 0.005482456140350877
0 0.9148391812865497 0.17735745614035087 0.012792397660818713 0.010416666666666666
0 0.9152046783625731 0.38952850877192985 0.006944444444444444 0.006853070175438596
0 0.9181286549707602 0.5455043859649122 0.006578947368421052 0.0027412280701754384
0 0.9184941520467836 0.4010416666666667 0.006944444444444444 0.004660087719298245
0 0.9247076023391813 0.4120065789473684 0.008406432748538011 0.00712719298245614
0 0.9247076023391813 0.4923245614035088 0.006944444444444444 0.00356359649122807
0 0.9254385964912281 0.31551535087719296 0.01023391812865497 0.009594298245614035
0 0.9254385964912281 0.31551535087719296 0.011695906432748537 0.00932017543859649
0 0.9283625730994152 0.4251644736842105 0.00804093567251462 0.006030701754385965
0 0.9316520467836257 0.3338815789473684 0.009137426900584795 0.007949561403508772
0 0.9331140350877193 0.18612938596491227 0.011330409356725146 0.008771929824561403
0 0.9349415204678363 0.41721491228070173 0.008406432748538011 0.006853070175438596
0 0.9349415204678363 0.509046052631579 0.007675438596491228 0.006030701754385965
0 0.9349415204678363 0.5095942982456141 0.007675438596491228 0.006853070175438596
0 0.9371345029239766 0.3338815789473684 0.015350877192982455 0.00932017543859649
0 0.9407894736842105 0.3344298245614035 0.012792397660818713 0.006853070175438596
0 0.9422514619883041 0.5115131578947368 0.006944444444444444 0.006578947368421052
0 0.9451754385964912 0.39747807017543857 0.007309941520467836 0.005208333333333333
0 0.9470029239766082 0.32922149122807015 0.011330409356725146 0.008771929824561403
0 0.9473684210526315 0.5158991228070176 0.007675438596491228 0.007401315789473684
0 0.9480994152046783 0.23876096491228072 0.007675438596491228 0.007401315789473684
0 0.9495614035087719 0.24479166666666666 0.005482456140350877 0.004660087719298245
0 0.9513888888888888 0.5082236842105263 0.006944444444444444 0.005208333333333333
0 0.9528508771929824 0.25 0.006578947368421052 0.004660087719298245
0 0.9528508771929824 0.37472587719298245 0.005847953216374269 0.005756578947368421
0 0.9554093567251462 0.5117872807017544 0.007675438596491228 0.005208333333333333
0 0.956140350877193 0.5117872807017544 0.007675438596491228 0.005208333333333333
0 0.9568713450292398 0.3788377192982456 0.007309941520467836 0.005756578947368421
0 0.9572368421052632 0.3248355263157895 0.005482456140350877 0.006304824561403508
0 0.95796783625731 0.37911184210526316 0.007309941520467836 0.005756578947368421
0 0.95796783625731 0.40323464912280704 0.0043859649122807015 0.005482456140350877
0 0.9586988304093568 0.38952850877192985 0.008771929824561403 0.007949561403508772
0 0.9601608187134503 0.37006578947368424 0.009137426900584797 0.004934210526315789
0 0.9612573099415205 0.18804824561403508 0.013888888888888888 0.009594298245614035
0 0.9627192982456141 0.46792763157894735 0.009868421052631578 0.008223684210526315
0 0.9674707602339181 0.40707236842105265 0.00804093567251462 0.005756578947368421
0 0.9692982456140351 0.4621710526315789 0.009137426900584797 0.007949561403508772
0 0.9700292397660819 0.49451754385964913 0.008406432748538011 0.00712719298245614
0 0.9722222222222222 0.47039473684210525 0.010599415204678362 0.007949561403508772
0 0.9802631578947368 0.40131578947368424 0.00804093567251462 0.005482456140350877
0 0.9802631578947368 0.5117872807017544 0.008771929824561403 0.004660087719298245
0 0.9806286549707602 0.45394736842105265 0.008771929824561403 0.006853070175438596
0 0.9817251461988304 0.5279605263157895 0.009137426900584797 0.007675438596491228
0 0.9820906432748538 0.528234649122807 0.009502923976608187 0.007675438596491228
0 0.9828216374269005 0.40844298245614036 0.008771929824561403 0.005756578947368421
0 0.9835526315789473 0.46408991228070173 0.008771929824561403 0.005482456140350877
0 0.991593567251462 0.46381578947368424 0.009137426900584797 0.005756578947368421
0 0.9937865497076024 0.31469298245614036 0.006944444444444444 0.0043859649122807015
0 0.9959795321637427 0.25411184210526316 0.007675438596491228 0.006578947368421052
0 0.998172514619883 0.39418859649122806 0.003289473684210526 0.005208333333333333
