0 0.38596491228070173 0.37225877192982454 0.01023391812865497 0.009046052631578948
0 0.427266081871345 0.36019736842105265 0.012426900584795321 0.01069078947368421
0 0.4276315789473684 0.4868421052631579 0.010964912280701754 0.008771929824561403
0 0.42909356725146197 0.4199561403508772 0.013523391812865496 0.011239035087719298
0 0.43640350877192985 0.35526315789473684 0.013157894736842105 0.009046052631578948
0 0.44298245614035087 0.40652412280701755 0.013888888888888888 0.008771929824561403
0 0.483187134502924 0.5296052631578947 0.011695906432748537 0.013157894736842105
0 0.48355263157894735 0.47560307017543857 0.01023391812865497 0.008771929824561403
0 0.4894005847953216 0.46408991228070173 0.009502923976608187 0.007401315789473684
0 0.49159356725146197 0.47149122807017546 0.009502923976608187 0.008771929824561403
0 0.49744152046783624 0.46463815789473684 0.006578947368421052 0.006304824561403508
0 0.5014619883040936 0.6173245614035088 0.012426900584795321 0.00932017543859649
0 0.5109649122807017 0.5981359649122807 0.011695906432748537 0.011787280701754386
0 0.5153508771929824 0.4465460526315789 0.011330409356725146 0.010964912280701754
0 0.52046783625731 0.59375 0.015350877192982455 0.012609649122807017
0 0.5310672514619883 0.30783991228070173 0.013157894736842105 0.009046052631578948
0 0.5369152046783626 0.44435307017543857 0.012426900584795321 0.013157894736842105
0 0.5625 0.31606359649122806 0.010599415204678362 0.00932017543859649
0 0.58296783625731 0.42105263157894735 0.015350877192982455 0.013157894736842105
0 0.6732456140350878 0.3802083333333333 0.010964912280701754 0.009594298245614035
0 0.7138157894736842 0.4037828947368421 0.011695906432748537 0.010964912280701754
0 0.804093567251462 0.46573464912280704 0.011695906432748537 0.009046052631578948
