0 0.07593201754385964 0.5321637426900585 0.0043859649122807015 0.006944444444444444
0 0.08223684210526316 0.5402046783625731 0.004934210526315789 0.0062134502923976605
0 0.08388157894736842 0.5314327485380117 0.006030701754385965 0.006578947368421052
0 0.08799342105263158 0.5350877192982456 0.005756578947368421 0.008771929824561403
0 0.10444078947368421 0.37719298245614036 0.005482456140350877 0.008771929824561403
0 0.10608552631578948 0.4901315789473684 0.005482456140350877 0.005847953216374269
0 0.11979166666666667 0.49159356725146197 0.003289473684210526 0.009137426900584795
0 0.12527412280701755 0.4163011695906433 0.005208333333333333 0.007309941520467836
0 0.12966008771929824 0.24195906432748537 0.004111842105263158 0.005847953216374269
0 0.13130482456140352 0.24561403508771928 0.005482456140350877 0.007309941520467836
0 0.13404605263157895 0.42872807017543857 0.005482456140350877 0.005847953216374269
0 0.13925438596491227 0.2730263157894737 0.00356359649122807 0.0043859649122807015
0 0.13980263157894737 0.42214912280701755 0.005208333333333333 0.006944444444444444
0 0.14117324561403508 0.2814327485380117 0.005208333333333333 0.006944444444444444
0 0.14857456140350878 0.3815789473684211 0.004660087719298245 0.005847953216374269
0 0.15104166666666666 0.3877923976608187 0.0043859649122807015 0.005847953216374269
0 0.15542763157894737 0.29239766081871343 0.003289473684210526 0.004751461988304093
0 0.1581688596491228 0.30665204678362573 0.003289473684210526 0.007309941520467836
0 0.16392543859649122 0.4309210526315789 0.003837719298245614 0.008771929824561403
0 0.16447368421052633 0.15021929824561403 0.005208333333333333 0.004751461988304093
0 0.17735745614035087 0.4685672514619883 0.00356359649122807 0.006578947368421052
0 0.1806469298245614 0.47076023391812866 0.004111842105263158 0.006578947368421052
0 0.18174342105263158 0.4926900584795322 0.005208333333333333 0.0062134502923976605
0 0.1825657894736842 0.23135964912280702 0.003837719298245614 0.00804093567251462
0 0.18612938596491227 0.4276315789473684 0.004111842105263158 0.0062134502923976605
0 0.18667763157894737 0.49744152046783624 0.004660087719298245 0.005482456140350877
0 0.18777412280701755 0.5266812865497076 0.004111842105263158 0.006578947368421052
0 0.19353070175438597 0.5080409356725146 0.0030153508771929823 0.005482456140350877
0 0.1943530701754386 0.5120614035087719 0.003289473684210526 0.00402046783625731
0 0.19654605263157895 0.22624269005847952 0.003289473684210526 0.0043859649122807015
0 0.19736842105263158 0.5069444444444444 0.003837719298245614 0.0043859649122807015
0 0.19873903508771928 0.5325292397660819 0.004111842105263158 0.0062134502923976605
0 0.20586622807017543 0.23574561403508773 0.0030153508771929823 0.006578947368421052
0 0.20942982456140352 0.2324561403508772 0.005208333333333333 0.00402046783625731
0 0.21217105263157895 0.23428362573099415 0.004660087719298245 0.005116959064327485
0 0.2563048245614035 0.20065789473684212 0.004660087719298245 0.009137426900584795
0 0.26672149122807015 0.3932748538011696 0.004111842105263158 0.007309941520467836
0 0.2741228070175439 0.37609649122807015 0.00356359649122807 0.005482456140350877
0 0.2883771929824561 0.5449561403508771 0.0043859649122807015 0.00804093567251462
0 0.3100328947368421 0.22441520467836257 0.00356359649122807 0.005116959064327485
0 0.31085526315789475 0.21929824561403508 0.005208333333333333 0.00402046783625731
0 0.31661184210526316 0.4820906432748538 0.004934210526315789 0.007309941520467836
0 0.3371710526315789 0.22076023391812866 0.004111842105263158 0.006944444444444444
0 0.37143640350877194 0.07711988304093567 0.003289473684210526 0.006944444444444444
0 0.37856359649122806 0.44005847953216376 0.003837719298245614 0.006578947368421052
0 0.3824013157894737 0.19042397660818713 0.004660087719298245 0.0062134502923976605
0 0.3829495614035088 0.195906432748538 0.005482456140350877 0.0062134502923976605
0 0.38898026315789475 0.7540204678362573 0.004934210526315789 0.008771929824561403
0 0.3991228070175439 0.6801900584795322 0.0043859649122807015 0.00804093567251462
0 0.4037828947368421 0.07017543859649122 0.004934210526315789 0.006944444444444444
0 0.40734649122807015 0.06432748538011696 0.004111842105263158 0.006578947368421052
0 0.40734649122807015 0.1787280701754386 0.006578947368421052 0.009137426900584795
0 0.41036184210526316 0.18640350877192982 0.00356359649122807 0.0043859649122807015
0 0.4133771929824561 0.6820175438596491 0.004660087719298245 0.007309941520467836
0 0.42023026315789475 0.6816520467836257 0.003289473684210526 0.007309941520467836
0 0.42214912280701755 0.7214912280701754 0.00356359649122807 0.0062134502923976605
0 0.42297149122807015 0.6798245614035088 0.004934210526315789 0.007675438596491228
0 0.43585526315789475 0.5592105263157895 0.004660087719298245 0.007675438596491228
0 0.43914473684210525 0.1074561403508772 0.005482456140350877 0.009868421052631578
0 0.44298245614035087 0.10964912280701754 0.003837719298245614 0.009502923976608187
0 0.44353070175438597 0.09941520467836257 0.006304824561403508 0.01206140350877193
0 0.4473684210526316 0.10489766081871345 0.004934210526315789 0.011330409356725146
0 0.4498355263157895 0.031432748538011694 0.00356359649122807 0.00402046783625731
0 0.45148026315789475 0.03545321637426901 0.0027412280701754384 0.003289473684210526
0 0.45285087719298245 0.03326023391812866 0.0043859649122807015 0.004751461988304093
0 0.4544956140350877 0.21271929824561403 0.004111842105263158 0.008771929824561403
0 0.46710526315789475 0.5972222222222222 0.003837719298245614 0.005847953216374269
0 0.47176535087719296 0.4283625730994152 0.005208333333333333 0.011695906432748537
0 0.47423245614035087 0.5526315789473685 0.004934210526315789 0.01023391812865497
0 0.4764254385964912 0.4422514619883041 0.006304824561403508 0.010964912280701754
0 0.4780701754385965 0.5537280701754386 0.004660087719298245 0.008771929824561403
0 0.48601973684210525 0.11403508771929824 0.004660087719298245 0.009868421052631578
0 0.48601973684210525 0.11476608187134503 0.004660087719298245 0.008406432748538011
0 0.48711622807017546 0.43640350877192985 0.004111842105263158 0.006944444444444444
0 0.48903508771929827 0.09502923976608187 0.006304824561403508 0.011330409356725146
0 0.4920504385964912 0.7039473684210527 0.004111842105263158 0.006944444444444444
0 0.4934210526315789 0.06103801169590643 0.005482456140350877 0.0062134502923976605
0 0.49396929824561403 0.05592105263157895 0.004934210526315789 0.008771929824561403
0 0.49588815789473684 0.0935672514619883 0.008771929824561403 0.009868421052631578
0 0.5010964912280702 0.4247076023391813 0.0043859649122807015 0.0062134502923976605
0 0.5013706140350878 0.5599415204678363 0.004660087719298245 0.007675438596491228
0 0.5142543859649122 0.06359649122807018 0.004111842105263158 0.009868421052631578
0 0.5142543859649122 0.6458333333333334 0.003289473684210526 0.0043859649122807015
0 0.5150767543859649 0.6381578947368421 0.003837719298245614 0.007309941520467836
0 0.5161732456140351 0.6418128654970761 0.004660087719298245 0.0062134502923976605
0 0.5175438596491229 0.049342105263157895 0.00356359649122807 0.010964912280701754
0 0.5183662280701754 0.631578947368421 0.005482456140350877 0.00804093567251462
0 0.5219298245614035 0.05116959064327485 0.004934210526315789 0.008771929824561403
0 0.5298793859649122 0.09502923976608187 0.004111842105263158 0.006944444444444444
0 0.5301535087719298 0.2605994152046784 0.00356359649122807 0.00402046783625731
0 0.5408442982456141 0.5127923976608187 0.004111842105263158 0.00804093567251462
0 0.5433114035087719 0.020833333333333332 0.003837719298245614 0.0043859649122807015
0 0.5455043859649122 0.5153508771929824 0.00356359649122807 0.00804093567251462
0 0.546875 0.6677631578947368 0.004934210526315789 0.01023391812865497
0 0.5531798245614035 0.6655701754385965 0.006578947368421052 0.009868421052631578
0 0.553453947368421 0.20577485380116958 0.005482456140350877 0.01023391812865497
0 0.5545504385964912 0.22660818713450293 0.005208333333333333 0.008406432748538011
0 0.5581140350877193 0.19992690058479531 0.0043859649122807015 0.009502923976608187
0 0.5597587719298246 0.2189327485380117 0.005208333333333333 0.008406432748538011
0 0.5625 0.19956140350877194 0.00356359649122807 0.008406432748538011
0 0.5641447368421053 0.20869883040935672 0.004660087719298245 0.007309941520467836
0 0.5652412280701754 0.2046783625730994 0.004934210526315789 0.0043859649122807015
0 0.5712719298245614 0.7543859649122807 0.004934210526315789 0.008771929824561403
0 0.5731907894736842 0.7595029239766082 0.005208333333333333 0.009137426900584795
0 0.5863486842105263 0.385233918128655 0.003837719298245614 0.0062134502923976605
0 0.5923793859649122 0.29641812865497075 0.0043859649122807015 0.0062134502923976605
0 0.5926535087719298 0.3819444444444444 0.003289473684210526 0.005847953216374269
0 0.5942982456140351 0.26644736842105265 0.004111842105263158 0.004751461988304093
0 0.5956688596491229 0.09941520467836257 0.004111842105263158 0.005482456140350877
0 0.5995065789473685 0.36951754385964913 0.004111842105263158 0.007675438596491228
0 0.6000548245614035 0.1286549707602339 0.0024671052631578946 0.004751461988304093
0 0.6132127192982456 0.18494152046783627 0.005208333333333333 0.008406432748538011
0 0.6140350877192983 0.3220029239766082 0.00356359649122807 0.008406432748538011
0 0.6145833333333334 0.6414473684210527 0.004660087719298245 0.005482456140350877
0 0.6154057017543859 0.11988304093567251 0.0043859649122807015 0.00804093567251462
0 0.6165021929824561 0.3256578947368421 0.0043859649122807015 0.006944444444444444
0 0.6173245614035088 0.18019005847953215 0.005482456140350877 0.007309941520467836
0 0.6208881578947368 0.1823830409356725 0.004660087719298245 0.0062134502923976605
0 0.6233552631578947 0.1301169590643275 0.004660087719298245 0.005116959064327485
0 0.6244517543859649 0.2741228070175439 0.003837719298245614 0.007675438596491228
0 0.6252741228070176 0.13559941520467836 0.003289473684210526 0.004751461988304093
0 0.6271929824561403 0.18567251461988304 0.005482456140350877 0.009137426900584795
0 0.628015350877193 0.12317251461988304 0.0043859649122807015 0.0062134502923976605
0 0.6389802631578947 0.1878654970760234 0.005208333333333333 0.009502923976608187
0 0.6392543859649122 0.5153508771929824 0.005482456140350877 0.006944444444444444
0 0.6411732456140351 0.22441520467836257 0.004660087719298245 0.009137426900584795
0 0.6444627192982456 0.3366228070175439 0.00356359649122807 0.007309941520467836
0 0.6458333333333334 0.5175438596491229 0.005756578947368421 0.0062134502923976605
0 0.647203947368421 0.2463450292397661 0.005482456140350877 0.010964912280701754
0 0.647203947368421 0.3336988304093567 0.005482456140350877 0.006578947368421052
0 0.6488486842105263 0.29312865497076024 0.004660087719298245 0.009137426900584795
0 0.6510416666666666 0.5259502923976608 0.00356359649122807 0.007675438596491228
0 0.6535087719298246 0.24707602339181287 0.004934210526315789 0.009137426900584795
0 0.6554276315789473 0.3019005847953216 0.004934210526315789 0.008406432748538011
0 0.6559758771929824 0.5299707602339181 0.005208333333333333 0.010599415204678362
0 0.6622807017543859 0.2847222222222222 0.004934210526315789 0.009868421052631578
0 0.6787280701754386 0.3793859649122807 0.004111842105263158 0.0062134502923976605
0 0.6825657894736842 0.37646198830409355 0.0043859649122807015 0.006578947368421052
0 0.6847587719298246 0.5464181286549707 0.006030701754385965 0.009137426900584795
0 0.6875 0.0891812865497076 0.005482456140350877 0.00804093567251462
0 0.6885964912280702 0.02046783625730994 0.004934210526315789 0.007675438596491228
0 0.6932565789473685 0.01608187134502924 0.006030701754385965 0.005847953216374269
0 0.6935307017543859 0.1027046783625731 0.004934210526315789 0.005116959064327485
0 0.6943530701754386 0.09283625730994152 0.004111842105263158 0.007309941520467836
0 0.6979166666666666 0.2101608187134503 0.00932017543859649 0.013523391812865496
0 0.6981907894736842 0.021929824561403508 0.005756578947368421 0.009137426900584795
0 0.7012061403508771 0.41118421052631576 0.004934210526315789 0.009137426900584795
0 0.7023026315789473 0.0800438596491228 0.004660087719298245 0.009502923976608187
0 0.7025767543859649 0.21710526315789475 0.007401315789473684 0.010964912280701754
0 0.7039473684210527 0.5168128654970761 0.004934210526315789 0.008771929824561403
0 0.7047697368421053 0.5325292397660819 0.00356359649122807 0.005482456140350877
0 0.7055921052631579 0.5266812865497076 0.005208333333333333 0.008406432748538011
0 0.7077850877192983 0.41264619883040937 0.005208333333333333 0.008771929824561403
0 0.7118969298245614 0.02448830409356725 0.0021929824561403508 0.00402046783625731
0 0.712171052631579 0.35855263157894735 0.004111842105263158 0.005482456140350877
0 0.7154605263157895 0.3611111111111111 0.004934210526315789 0.0062134502923976605
0 0.7154605263157895 0.5617690058479532 0.005482456140350877 0.009502923976608187
0 0.7209429824561403 0.028143274853801168 0.005208333333333333 0.00804093567251462
0 0.7209429824561403 0.0668859649122807 0.0024671052631578946 0.005116959064327485
0 0.7324561403508771 0.32346491228070173 0.003289473684210526 0.0062134502923976605
0 0.7341008771929824 0.20285087719298245 0.00356359649122807 0.005116959064327485
0 0.7371162280701754 0.6440058479532164 0.004660087719298245 0.00804093567251462
0 0.7401315789473685 0.31798245614035087 0.0027412280701754384 0.003289473684210526
0 0.7420504385964912 0.5248538011695907 0.0043859649122807015 0.005482456140350877
0 0.7425986842105263 0.5325292397660819 0.005482456140350877 0.010964912280701754
0 0.7436951754385965 0.5679824561403509 0.004111842105263158 0.008406432748538011
0 0.7464364035087719 0.5694444444444444 0.004660087719298245 0.010599415204678362
0 0.7497258771929824 0.5672514619883041 0.005482456140350877 0.009137426900584795
0 0.7516447368421053 0.5281432748538012 0.005482456140350877 0.007675438596491228
0 0.7535635964912281 0.2101608187134503 0.0043859649122807015 0.008406432748538011
0 0.7623355263157895 0.21454678362573099 0.003289473684210526 0.00804093567251462
0 0.7672697368421053 0.04824561403508772 0.004111842105263158 0.006944444444444444
0 0.7672697368421053 0.5730994152046783 0.006578947368421052 0.009868421052631578
0 0.7724780701754386 0.7280701754385965 0.006030701754385965 0.009502923976608187
0 0.7771381578947368 0.5661549707602339 0.005756578947368421 0.00804093567251462
0 0.7801535087719298 0.5456871345029239 0.005482456140350877 0.008771929824561403
0 0.7809758771929824 0.6286549707602339 0.005756578947368421 0.007675438596491228
0 0.7872807017543859 0.2766812865497076 0.0030153508771929823 0.006944444444444444
0 0.7881030701754386 0.5493421052631579 0.006030701754385965 0.008771929824561403
0 0.7883771929824561 0.2547514619883041 0.003837719298245614 0.009868421052631578
0 0.7916666666666666 0.2810672514619883 0.0043859649122807015 0.007309941520467836
0 0.7946820175438597 0.5442251461988304 0.007401315789473684 0.007309941520467836
0 0.7982456140350878 0.27887426900584794 0.0030153508771929823 0.0062134502923976605
0 0.8009868421052632 0.547514619883041 0.006853070175438596 0.009137426900584795
0 0.8037280701754386 0.23976608187134502 0.00356359649122807 0.0043859649122807015
0 0.8050986842105263 0.6641081871345029 0.004660087719298245 0.009502923976608187
0 0.8061951754385965 0.2463450292397661 0.004660087719298245 0.007675438596491228
0 0.8078399122807017 0.2605994152046784 0.004934210526315789 0.007675438596491228
0 0.8116776315789473 0.6593567251461988 0.005756578947368421 0.009137426900584795
0 0.8234649122807017 0.19042397660818713 0.004111842105263158 0.006944444444444444
0 0.8240131578947368 0.6889619883040936 0.007949561403508772 0.008771929824561403
0 0.8242872807017544 0.1827485380116959 0.0027412280701754384 0.004751461988304093
0 0.8245614035087719 0.6779970760233918 0.006578947368421052 0.010599415204678362
0 0.8292214912280702 0.17178362573099415 0.0030153508771929823 0.006944444444444444
0 0.8305921052631579 0.6922514619883041 0.007949561403508772 0.009137426900584795
0 0.8316885964912281 0.5332602339181286 0.005208333333333333 0.011695906432748537
0 0.8656798245614035 0.7167397660818714 0.00356359649122807 0.005847953216374269
0 0.8769188596491229 0.1067251461988304 0.004934210526315789 0.009137426900584795
0 0.8810307017543859 0.11330409356725146 0.004111842105263158 0.005482456140350877
0 0.881578947368421 0.10160818713450293 0.004111842105263158 0.009868421052631578
0 0.8851425438596491 0.10014619883040936 0.005208333333333333 0.007675438596491228
0 0.8865131578947368 0.48501461988304095 0.00356359649122807 0.005847953216374269
0 0.8933662280701754 0.11513157894736842 0.003289473684210526 0.006944444444444444
0 0.8974780701754386 0.08881578947368421 0.004660087719298245 0.006578947368421052
0 0.9010416666666666 0.4904970760233918 0.004111842105263158 0.007675438596491228
0 0.9205043859649122 0.47002923976608185 0.004660087719298245 0.0062134502923976605
0 0.9353070175438597 0.089546783625731 0.003837719298245614 0.006944444444444444
0 0.9361293859649122 0.42543859649122806 0.003289473684210526 0.007309941520467836
0 0.9369517543859649 0.2635233918128655 0.003837719298245614 0.004751461988304093
0 0.9391447368421053 0.24817251461988304 0.004660087719298245 0.006944444444444444
0 0.940515350877193 0.4232456140350877 0.0043859649122807015 0.006944444444444444
0 0.9454495614035088 0.4155701754385965 0.004111842105263158 0.003654970760233918
0 0.965734649122807 0.13998538011695907 0.004934210526315789 0.007309941520467836
0 0.9701206140350878 0.22697368421052633 0.00356359649122807 0.005482456140350877
0 0.9747807017543859 0.22697368421052633 0.005756578947368421 0.005116959064327485
0 0.9747807017543859 0.3925438596491228 0.00356359649122807 0.003654970760233918
0 0.9805372807017544 0.2065058479532164 0.0030153508771929823 0.007675438596491228
0 0.9854714912280702 0.3896198830409357 0.004111842105263158 0.004751461988304093
0 0.9868421052631579 0.21125730994152048 0.004111842105263158 0.007309941520467836
