0 0.01827485380116959 0.7028508771929824 0.02010233918128655 0.01206140350877193
0 0.019371345029239765 0.8374451754385965 0.021564327485380116 0.021107456140350877
0 0.031067251461988302 0.6932565789473685 0.02046783625730994 0.010964912280701754
0 0.07602339181286549 0.875 0.013888888888888888 0.00932017543859649
0 0.0847953216374269 0.7461622807017544 0.02850877192982456 0.01644736842105263
0 0.09137426900584796 0.06825657894736842 0.012426900584795321 0.01343201754385965
0 0.0935672514619883 0.9544956140350878 0.03289473684210526 0.029605263157894735
0 0.09904970760233918 0.059484649122807015 0.015716374269005847 0.010142543859649123
0 0.10599415204678363 0.4923245614035088 0.009868421052631578 0.007949561403508772
0 0.1070906432748538 0.7330043859649122 0.021564327485380116 0.022478070175438597
0 0.12244152046783625 0.9602521929824561 0.03837719298245614 0.033442982456140344
0 0.1509502923976608 0.9588815789473685 0.028143274853801168 0.027960526315789474
0 0.17178362573099415 0.7072368421052632 0.02046783625730994 0.013706140350877192
0 0.18567251461988304 0.665296052631579 0.01023391812865497 0.008223684210526315
0 0.1871345029239766 0.928453947368421 0.03508771929824561 0.03152412280701754
0 0.18896198830409358 0.9602521929824561 0.03508771929824561 0.03042763157894737
0 0.19078947368421054 0.6055372807017544 0.010964912280701754 0.006853070175438596
0 0.1926169590643275 0.6691337719298246 0.008406432748538011 0.007949561403508772
0 0.1966374269005848 0.6008771929824561 0.008771929824561403 0.006853070175438596
0 0.2065058479532164 0.45778508771929827 0.014985380116959063 0.012335526315789474
0 0.2152777777777778 0.6195175438596491 0.01023391812865497 0.010142543859649123
0 0.21966374269005848 0.5419407894736842 0.007309941520467836 0.006578947368421052
0 0.23793859649122806 0.8695175438596491 0.020833333333333332 0.018914473684210526
0 0.25182748538011696 0.7911184210526315 0.03070175438596491 0.013706140350877192
0 0.26864035087719296 0.8500548245614035 0.013523391812865496 0.00849780701754386
0 0.285453216374269 0.7225877192982456 0.019005847953216373 0.01836622807017544
0 0.30665204678362573 0.9860197368421053 0.03252923976608187 0.02768640350877193
0 0.3092105263157895 0.912828947368421 0.023026315789473683 0.02138157894736842
0 0.3157894736842105 0.8933662280701754 0.023026315789473683 0.0200109649122807
0 0.33296783625730997 0.6705043859649122 0.01608187134502924 0.013706140350877192
0 0.33808479532163743 0.6946271929824561 0.012792397660818713 0.010142543859649123
0 0.34173976608187134 0.32319078947368424 0.012792397660818713 0.01069078947368421
0 0.34247076023391815 0.6803728070175439 0.017178362573099414 0.015076754385964912
0 0.35233918128654973 0.518640350877193 0.013157894736842105 0.01343201754385965
0 0.3603801169590643 0.5005482456140351 0.012426900584795321 0.007949561403508772
0 0.3618421052631579 0.5529057017543859 0.017543859649122806 0.015350877192982455
0 0.36293859649122806 0.6842105263157895 0.014985380116959063 0.009594298245614035
0 0.37755847953216376 0.7933114035087719 0.02010233918128655 0.01836622807017544
0 0.38998538011695905 0.8974780701754386 0.02631578947368421 0.023574561403508772
0 0.3969298245614035 0.5564692982456141 0.009137426900584795 0.010416666666666666
0 0.40131578947368424 0.871984649122807 0.02412280701754386 0.023300438596491228
0 0.4027777777777778 0.706140350877193 0.014985380116959063 0.011239035087719298
0 0.4064327485380117 0.5564692982456141 0.016812865497076022 0.012335526315789474
0 0.42543859649122806 0.9876644736842105 0.023026315789473683 0.02412280701754386
0 0.4279970760233918 0.5309758771929824 0.010599415204678362 0.007949561403508772
0 0.4283625730994152 0.5633223684210527 0.01023391812865497 0.006030701754385965
0 0.43494152046783624 0.5693530701754386 0.01206140350877193 0.00712719298245614
0 0.44005847953216376 0.5753837719298246 0.009868421052631578 0.01069078947368421
0 0.44956140350877194 0.32976973684210525 0.004751461988304093 0.004111842105263158
0 0.4583333333333333 0.34347587719298245 0.00402046783625731 0.004111842105263158
0 0.4652777777777778 0.8286732456140351 0.02850877192982456 0.025219298245614034
0 0.46747076023391815 0.4701206140350877 0.005482456140350877 0.007401315789473684
0 0.4685672514619883 0.5929276315789473 0.017178362573099414 0.01069078947368421
0 0.4696637426900585 0.803453947368421 0.014985380116959063 0.013706140350877192
0 0.47002923976608185 0.6502192982456141 0.01206140350877193 0.010416666666666666
0 0.4828216374269006 0.6913377192982456 0.017543859649122806 0.01425438596491228
0 0.48793859649122806 0.47423245614035087 0.010599415204678362 0.009046052631578948
0 0.4919590643274854 0.7302631578947368 0.011330409356725146 0.00932017543859649
0 0.4959795321637427 0.6883223684210527 0.014985380116959063 0.011513157894736841
0 0.4967105263157895 0.4753289473684211 0.014619883040935672 0.011513157894736841
0 0.49744152046783624 0.6537828947368421 0.011330409356725146 0.009046052631578948
0 0.5058479532163743 0.6260964912280702 0.012426900584795321 0.008223684210526315
0 0.506578947368421 0.4772478070175439 0.010964912280701754 0.00932017543859649
0 0.5171783625730995 0.6567982456140351 0.017543859649122806 0.01343201754385965
0 0.5226608187134503 0.6165021929824561 0.009137426900584795 0.01206140350877193
0 0.5263157894736842 0.6211622807017544 0.01023391812865497 0.01343201754385965
0 0.5317982456140351 0.6329495614035088 0.013888888888888888 0.01343201754385965
0 0.5387426900584795 0.3363486842105263 0.009868421052631578 0.005756578947368421
0 0.5497076023391813 0.5874451754385965 0.008771929824561403 0.007675438596491228
0 0.5519005847953217 0.7535635964912281 0.01608187134502924 0.015625
0 0.5537280701754386 0.6321271929824561 0.01644736842105263 0.010142543859649123
0 0.5595760233918129 0.821546052631579 0.014619883040935672 0.013706140350877192
0 0.570906432748538 0.6737938596491229 0.012792397660818713 0.01069078947368421
0 0.5778508771929824 0.5589364035087719 0.006578947368421052 0.006304824561403508
0 0.5778508771929824 0.6943530701754386 0.013888888888888888 0.013706140350877192
0 0.5778508771929824 0.71875 0.015350877192982455 0.011787280701754386
0 0.5793128654970761 0.8050986842105263 0.011695906432748537 0.012335526315789474
0 0.589546783625731 0.3432017543859649 0.008771929824561403 0.007949561403508772
0 0.589546783625731 0.7184758771929824 0.015716374269005847 0.01699561403508772
0 0.5921052631578947 0.8484100877192983 0.01827485380116959 0.011787280701754386
0 0.5972222222222222 0.34100877192982454 0.00804093567251462 0.00712719298245614
0 0.6005116959064327 0.7195723684210527 0.013523391812865496 0.013706140350877192
0 0.60453216374269 0.34073464912280704 0.01023391812865497 0.00712719298245614
0 0.6103801169590644 0.7595942982456141 0.01023391812865497 0.008771929824561403
0 0.6107456140350878 0.8031798245614035 0.013888888888888888 0.007949561403508772
0 0.6107456140350878 0.8322368421052632 0.011695906432748537 0.006853070175438596
0 0.6114766081871345 0.7675438596491229 0.017178362573099414 0.011513157894736841
0 0.6209795321637427 0.29468201754385964 0.01206140350877193 0.009594298245614035
0 0.6366959064327485 0.734375 0.013888888888888888 0.011513157894736841
0 0.6531432748538012 0.4174890350877193 0.005482456140350877 0.004111842105263158
0 0.6663011695906432 0.3366228070175439 0.008406432748538011 0.008223684210526315
0 0.6845760233918129 0.7828947368421053 0.034722222222222224 0.025767543859649123
0 0.6944444444444444 0.881578947368421 0.016812865497076022 0.013980263157894737
0 0.7013888888888888 0.8741776315789473 0.017178362573099414 0.010964912280701754
0 0.702485380116959 0.799890350877193 0.011330409356725146 0.010416666666666666
0 0.7028508771929824 0.29769736842105265 0.007309941520467836 0.006030701754385965
0 0.7057748538011696 0.3061951754385965 0.005482456140350877 0.004934210526315789
0 0.706140350877193 0.3826754385964912 0.0062134502923976605 0.004934210526315789
0 0.7072368421052632 0.6896929824561403 0.007309941520467836 0.010416666666666666
0 0.7149122807017544 0.7828947368421053 0.03326023391812866 0.02412280701754386
0 0.7203947368421053 0.35773026315789475 0.009502923976608187 0.007401315789473684
0 0.7207602339181286 0.7151864035087719 0.008771929824561403 0.01206140350877193
0 0.721125730994152 0.8423793859649122 0.013888888888888888 0.012883771929824562
0 0.7309941520467836 0.6398026315789473 0.019736842105263157 0.01699561403508772
0 0.7309941520467836 0.7160087719298246 0.012426900584795321 0.00849780701754386
0 0.7335526315789473 0.6891447368421053 0.013888888888888888 0.013157894736842105
0 0.7459795321637427 0.6979166666666666 0.01425438596491228 0.009868421052631578
0 0.7536549707602339 0.6455592105263158 0.023391812865497075 0.01206140350877193
0 0.7554824561403509 0.9150219298245614 0.014985380116959063 0.015625
0 0.7627923976608187 0.8922697368421053 0.016812865497076022 0.01864035087719298
0 0.7642543859649122 0.39226973684210525 0.006944444444444444 0.006030701754385965
0 0.7737573099415205 0.4438048245614035 0.005847953216374269 0.004660087719298245
0 0.7748538011695907 0.6669407894736842 0.009502923976608187 0.006578947368421052
0 0.7796052631578947 0.6951754385964912 0.01644736842105263 0.014528508771929825
0 0.7799707602339181 0.8193530701754386 0.010599415204678362 0.011239035087719298
0 0.7989766081871345 0.8297697368421053 0.011695906432748537 0.010964912280701754
0 0.8026315789473685 0.36485745614035087 0.005482456140350877 0.004934210526315789
0 0.8055555555555556 0.4492872807017544 0.00402046783625731 0.004660087719298245
0 0.8084795321637427 0.7963267543859649 0.01023391812865497 0.00849780701754386
0 0.8293128654970761 0.37856359649122806 0.005116959064327485 0.00356359649122807
0 0.8300438596491229 0.5060307017543859 0.007309941520467836 0.007401315789473684
0 0.8304093567251462 0.7930372807017544 0.01827485380116959 0.01206140350877193
0 0.8340643274853801 0.8270285087719298 0.017543859649122806 0.01644736842105263
0 0.839546783625731 0.35471491228070173 0.003654970760233918 0.0021929824561403508
0 0.839546783625731 0.35773026315789475 0.005482456140350877 0.00356359649122807
0 0.8468567251461988 0.4185855263157895 0.005482456140350877 0.0043859649122807015
0 0.847953216374269 0.45038377192982454 0.005482456140350877 0.005756578947368421
0 0.8541666666666666 0.38103070175438597 0.005116959064327485 0.004111842105263158
0 0.8585526315789473 0.7486293859649122 0.01644736842105263 0.011787280701754386
0 0.8596491228070176 0.4128289473684211 0.006578947368421052 0.004660087719298245
0 0.8706140350877193 0.3925438596491228 0.005482456140350877 0.004934210526315789
0 0.8706140350877193 0.4144736842105263 0.006944444444444444 0.005482456140350877
0 0.8717105263157895 0.799890350877193 0.02631578947368421 0.021929824561403508
0 0.8940058479532164 0.4805372807017544 0.014619883040935672 0.009046052631578948
0 0.9002192982456141 0.3569078947368421 0.005116959064327485 0.0030153508771929823
0 0.9016812865497076 0.3599232456140351 0.005482456140350877 0.0027412280701754384
0 0.9035087719298246 0.8856907894736842 0.004751461988304093 0.003837719298245614
0 0.9119152046783626 0.7716557017543859 0.033625730994152045 0.02987938596491228
0 0.9214181286549707 0.3991228070175439 0.006944444444444444 0.005208333333333333
0 0.9254385964912281 0.4257127192982456 0.005116959064327485 0.003837719298245614
0 0.9283625730994152 0.5918311403508771 0.011695906432748537 0.00849780701754386
0 0.9305555555555556 0.36485745614035087 0.009868421052631578 0.00712719298245614
0 0.9327485380116959 0.4290021929824561 0.0062134502923976605 0.003837719298245614
0 0.9407894736842105 0.3802083333333333 0.007309941520467836 0.004660087719298245
0 0.9491959064327485 0.3503289473684211 0.0043859649122807015 0.0030153508771929823
0 0.9656432748538012 0.7661732456140351 0.028143274853801168 0.017269736842105265
0 0.966374269005848 0.8851425438596491 0.005482456140350877 0.0043859649122807015
0 0.9674707602339181 0.32785087719298245 0.00804093567251462 0.006853070175438596
0 0.9773391812865497 0.8552631578947368 0.009868421052631578 0.010142543859649123
0 0.9777046783625731 0.6197916666666666 0.01023391812865497 0.005756578947368421
0 0.9835526315789473 0.8824013157894737 0.004751461988304093 0.0030153508771929823
0 0.9853801169590644 0.8541666666666666 0.010599415204678362 0.010416666666666666
0 0.9857456140350878 0.8289473684210527 0.011330409356725146 0.006578947368421052
0 0.9875730994152047 0.9243421052631579 0.006578947368421052 0.004660087719298245
0 0.9897660818713451 0.8511513157894737 0.011695906432748537 0.01069078947368421
0 0.9959795321637427 0.8220942982456141 0.007309941520467836 0.00849780701754386
