0 0.06871345029239766 0.34676535087719296 0.021929824561403508 0.010964912280701754
0 0.0712719298245614 0.27713815789473684 0.015350877192982455 0.015076754385964912
0 0.1337719298245614 0.39939692982456143 0.02046783625730994 0.016721491228070175
0 0.1513157894736842 0.3651315789473684 0.008771929824561403 0.015350877192982455
0 0.16228070175438597 0.3549890350877193 0.021929824561403508 0.018914473684210526
0 0.17141812865497075 0.5975877192982456 0.01206140350877193 0.009868421052631578
0 0.17434210526315788 0.34018640350877194 0.01864035087719298 0.015350877192982455
0 0.1834795321637427 0.7897478070175439 0.016812865497076022 0.01425438596491228
0 0.1871345029239766 0.33114035087719296 0.019005847953216373 0.015350877192982455
0 0.19334795321637427 0.590734649122807 0.014619883040935672 0.010142543859649123
0 0.2010233918128655 0.3360745614035088 0.02046783625730994 0.014802631578947368
0 0.20358187134502925 0.7560307017543859 0.01206140350877193 0.013980263157894737
0 0.20614035087719298 0.7743969298245614 0.01644736842105263 0.015899122807017545
0 0.20869883040935672 0.8818530701754386 0.027046783625730993 0.023300438596491228
0 0.21271929824561403 0.9183114035087719 0.027412280701754384 0.020285087719298246
0 0.22587719298245615 0.7083333333333334 0.023391812865497075 0.01781798245614035
0 0.22807017543859648 0.4956140350877193 0.008406432748538011 0.007949561403508772
0 0.2309941520467836 0.328125 0.023391812865497075 0.019462719298245616
0 0.2328216374269006 0.3177083333333333 0.021929824561403508 0.012335526315789474
0 0.23318713450292397 0.6946271929824561 0.019371345029239765 0.015625
0 0.23355263157894737 0.8919956140350878 0.025950292397660817 0.020285087719298246
0 0.23830409356725146 0.6724232456140351 0.013523391812865496 0.011787280701754386
0 0.24049707602339182 0.618421052631579 0.007675438596491228 0.011239035087719298
0 0.2408625730994152 0.7053179824561403 0.021198830409356724 0.018914473684210526
0 0.24305555555555555 0.3347039473684211 0.020833333333333332 0.019462719298245616
0 0.25109649122807015 0.8788377192982456 0.021564327485380116 0.018914473684210526
0 0.25292397660818716 0.2982456140350877 0.017543859649122806 0.018092105263157895
0 0.266812865497076 0.8481359649122807 0.0266812865497076 0.023574561403508772
0 0.26900584795321636 0.24862938596491227 0.02412280701754386 0.01836622807017544
0 0.26973684210526316 0.49972587719298245 0.011330409356725146 0.00849780701754386
0 0.27521929824561403 0.4701206140350877 0.01608187134502924 0.009594298245614035
0 0.27595029239766083 0.5838815789473685 0.013157894736842105 0.011513157894736841
0 0.2766812865497076 0.27631578947368424 0.025950292397660817 0.02138157894736842
0 0.2774122807017544 0.6060855263157895 0.008406432748538011 0.007949561403508772
0 0.27923976608187134 0.8336074561403509 0.027046783625730993 0.021655701754385966
0 0.2810672514619883 0.6362390350877193 0.008771929824561403 0.012883771929824562
0 0.2850877192982456 0.9122807017543859 0.01608187134502924 0.01206140350877193
0 0.28691520467836257 0.30564692982456143 0.023026315789473683 0.01864035087719298
0 0.2905701754385965 0.2974232456140351 0.023391812865497075 0.021929824561403508
0 0.3048245614035088 0.44353070175438597 0.012426900584795321 0.012883771929824562
0 0.3059210526315789 0.7738486842105263 0.02010233918128655 0.017269736842105265
0 0.3132309941520468 0.38952850877192985 0.010964912280701754 0.009594298245614035
0 0.31396198830409355 0.29221491228070173 0.023026315789473683 0.022478070175438597
0 0.31396198830409355 0.40625 0.017909356725146198 0.01699561403508772
0 0.31761695906432746 0.8061951754385965 0.021198830409356724 0.01864035087719298
0 0.31761695906432746 0.9385964912280702 0.01827485380116959 0.015625
0 0.31798245614035087 0.5507127192982456 0.010599415204678362 0.009868421052631578
0 0.3307748538011696 0.7716557017543859 0.02266081871345029 0.019736842105263157
0 0.3355263157894737 0.6647478070175439 0.017178362573099414 0.011513157894736841
0 0.3391812865497076 0.7996162280701754 0.01425438596491228 0.013706140350877192
0 0.339546783625731 0.3774671052631579 0.011330409356725146 0.00932017543859649
0 0.34137426900584794 0.7749451754385965 0.017178362573099414 0.014802631578947368
0 0.3468567251461988 0.5032894736842105 0.01023391812865497 0.006030701754385965
0 0.3472222222222222 0.9553179824561403 0.017543859649122806 0.012883771929824562
0 0.3538011695906433 0.39144736842105265 0.013157894736842105 0.009594298245614035
0 0.3541666666666667 0.7664473684210527 0.02412280701754386 0.021929824561403508
0 0.3607456140350877 0.4753289473684211 0.013523391812865496 0.011787280701754386
0 0.3684210526315789 0.9487390350877193 0.019736842105263157 0.014802631578947368
0 0.36878654970760233 0.6362390350877193 0.016812865497076022 0.010964912280701754
0 0.36878654970760233 0.7505482456140351 0.02046783625730994 0.020285087719298246
0 0.3713450292397661 0.5619517543859649 0.012426900584795321 0.007675438596491228
0 0.37646198830409355 0.7020285087719298 0.017909356725146198 0.01425438596491228
0 0.3786549707602339 0.3574561403508772 0.013888888888888888 0.00932017543859649
0 0.38084795321637427 0.9939692982456141 0.017178362573099414 0.011513157894736841
0 0.3823099415204678 0.8955592105263158 0.013523391812865496 0.01343201754385965
0 0.385233918128655 0.45010964912280704 0.014619883040935672 0.012883771929824562
0 0.38742690058479534 0.7563048245614035 0.021198830409356724 0.01864035087719298
0 0.3932748538011696 0.46463815789473684 0.01644736842105263 0.01343201754385965
0 0.3994883040935672 0.45285087719298245 0.013157894736842105 0.01206140350877193
0 0.40095029239766083 0.8344298245614035 0.013523391812865496 0.010142543859649123
0 0.40131578947368424 0.6367872807017544 0.011330409356725146 0.00932017543859649
0 0.40131578947368424 0.6770833333333334 0.013157894736842105 0.012883771929824562
0 0.4024122807017544 0.9802631578947368 0.017543859649122806 0.015899122807017545
0 0.4027777777777778 0.9627192982456141 0.017909356725146198 0.016721491228070172
0 0.40350877192982454 0.7650767543859649 0.011330409356725146 0.016721491228070175
0 0.40350877192982454 0.8637609649122807 0.012426900584795321 0.012335526315789474
0 0.4071637426900585 0.4147478070175439 0.015716374269005847 0.011513157894736841
0 0.40789473684210525 0.3717105263157895 0.016812865497076022 0.010964912280701754
0 0.4097222222222222 0.4750548245614035 0.014619883040935672 0.012609649122807017
0 0.4108187134502924 0.8330592105263158 0.010599415204678362 0.008771929824561403
0 0.41264619883040937 0.7639802631578947 0.016812865497076022 0.01425438596491228
0 0.4141081871345029 0.7053179824561403 0.02046783625730994 0.021107456140350877
0 0.41885964912280704 0.5331688596491229 0.009868421052631578 0.010964912280701754
0 0.4199561403508772 0.7450657894736842 0.019005847953216373 0.01699561403508772
0 0.420687134502924 0.49643640350877194 0.008771929824561403 0.009046052631578948
0 0.4228801169590643 0.9865679824561403 0.01644736842105263 0.01425438596491228
0 0.4247076023391813 0.37198464912280704 0.017543859649122806 0.011513157894736841
0 0.4279970760233918 0.6510416666666666 0.019736842105263157 0.017269736842105265
0 0.4298245614035088 0.640625 0.013888888888888888 0.008771929824561403
0 0.4301900584795322 0.8887061403508771 0.015350877192982455 0.01343201754385965
0 0.4301900584795322 0.9714912280701754 0.017909356725146198 0.014802631578947368
0 0.43969298245614036 0.7637061403508771 0.013888888888888888 0.012609649122807017
0 0.44042397660818716 0.6526864035087719 0.009137426900584795 0.010964912280701754
0 0.4415204678362573 0.4862938596491228 0.014619883040935672 0.011513157894736841
0 0.45321637426900585 0.8448464912280702 0.015716374269005847 0.012883771929824562
0 0.4586988304093567 0.7872807017543859 0.01827485380116959 0.01644736842105263
0 0.4641812865497076 0.5583881578947368 0.01425438596491228 0.00849780701754386
0 0.46637426900584794 0.7066885964912281 0.019371345029239765 0.01699561403508772
0 0.47002923976608185 0.8511513157894737 0.01827485380116959 0.014528508771929825
0 0.47112573099415206 0.9210526315789473 0.007675438596491228 0.006030701754385965
0 0.4791666666666667 0.6855811403508771 0.019371345029239765 0.012883771929824562
0 0.4956140350877193 0.5276864035087719 0.00804093567251462 0.006304824561403508
0 0.49853801169590645 0.5433114035087719 0.009502923976608187 0.00849780701754386
0 0.5036549707602339 0.8193530701754386 0.020833333333333332 0.01918859649122807
0 0.5040204678362573 0.5241228070175439 0.009502923976608187 0.007949561403508772
0 0.5054824561403509 0.78125 0.019736842105263157 0.015076754385964912
0 0.5098684210526315 0.6979166666666666 0.01425438596491228 0.012335526315789474
0 0.5164473684210527 0.884046052631579 0.017543859649122806 0.014528508771929825
0 0.5222953216374269 0.6548793859649122 0.015350877192982455 0.011513157894736841
0 0.5281432748538012 0.6252741228070176 0.012426900584795321 0.01425438596491228
0 0.5321637426900585 0.6085526315789473 0.017178362573099414 0.013157894736842105
0 0.5343567251461988 0.49890350877192985 0.008771929824561403 0.00932017543859649
0 0.5369152046783626 0.4895833333333333 0.011695906432748537 0.011787280701754386
0 0.5391081871345029 0.4100877192982456 0.014619883040935672 0.013157894736842105
0 0.5423976608187134 0.49725877192982454 0.008771929824561403 0.007675438596491228
0 0.5442251461988304 0.65625 0.021198830409356724 0.01699561403508772
0 0.5482456140350878 0.8341557017543859 0.024853801169590642 0.025219298245614034
0 0.5508040935672515 0.6189692982456141 0.017543859649122806 0.013706140350877192
0 0.5529970760233918 0.4915021929824561 0.01644736842105263 0.01069078947368421
0 0.5614035087719298 0.8670504385964912 0.027046783625730993 0.023026315789473683
0 0.5650584795321637 0.6959978070175439 0.00804093567251462 0.006853070175438596
0 0.5676169590643275 0.587171052631579 0.017909356725146198 0.015625
0 0.5683479532163743 0.46463815789473684 0.013157894736842105 0.011787280701754386
0 0.5694444444444444 0.7445175438596491 0.014619883040935672 0.01425438596491228
0 0.5771198830409356 0.8273026315789473 0.02631578947368421 0.021929824561403508
0 0.5782163742690059 0.9015899122807017 0.020833333333333332 0.01644736842105263
0 0.5807748538011696 0.6981907894736842 0.007675438596491228 0.006578947368421052
0 0.5826023391812866 0.5150767543859649 0.00804093567251462 0.007949561403508772
0 0.5866228070175439 0.24396929824561403 0.01023391812865497 0.009868421052631578
0 0.5866228070175439 0.47944078947368424 0.007675438596491228 0.006578947368421052
0 0.5873538011695907 0.524671052631579 0.013157894736842105 0.007675438596491228
0 0.5902777777777778 0.6214364035087719 0.01023391812865497 0.008223684210526315
0 0.5910087719298246 0.9120065789473685 0.02046783625730994 0.017269736842105265
0 0.5917397660818714 0.4174890350877193 0.012792397660818713 0.011239035087719298
0 0.5932017543859649 0.4764254385964912 0.012426900584795321 0.01206140350877193
0 0.5939327485380117 0.678453947368421 0.01644736842105263 0.013706140350877192
0 0.5972222222222222 0.5841557017543859 0.011695906432748537 0.013706140350877192
0 0.5997807017543859 0.5830592105263158 0.01023391812865497 0.009046052631578948
0 0.6008771929824561 0.40844298245614036 0.013157894736842105 0.007949561403508772
0 0.6074561403508771 0.40981359649122806 0.010599415204678362 0.010142543859649123
0 0.6118421052631579 0.5268640350877193 0.015350877192982455 0.015625
0 0.6133040935672515 0.5060307017543859 0.01425438596491228 0.01069078947368421
0 0.6136695906432749 0.39418859649122806 0.013157894736842105 0.010416666666666666
0 0.616593567251462 0.8020833333333334 0.023026315789473683 0.022203947368421052
0 0.6253654970760234 0.3527960526315789 0.009137426900584795 0.005756578947368421
0 0.6348684210526315 0.8771929824561403 0.010964912280701754 0.00712719298245614
0 0.6388888888888888 0.33826754385964913 0.014619883040935672 0.012609649122807017
0 0.6392543859649122 0.34868421052631576 0.008406432748538011 0.007401315789473684
0 0.6421783625730995 0.4980811403508772 0.016812865497076022 0.011513157894736841
0 0.6425438596491229 0.6082785087719298 0.015716374269005847 0.010416666666666666
0 0.6425438596491229 0.8097587719298246 0.0222953216374269 0.013706140350877192
0 0.6440058479532164 0.7924890350877193 0.02631578947368421 0.024671052631578948
0 0.6447368421052632 0.9786184210526315 0.01023391812865497 0.007675438596491228
0 0.6465643274853801 0.4449013157894737 0.006578947368421052 0.005756578947368421
0 0.6487573099415205 0.509046052631579 0.013523391812865496 0.00849780701754386
0 0.6549707602339181 0.3125 0.008406432748538011 0.009868421052631578
0 0.6560672514619883 0.5049342105263158 0.017178362573099414 0.012335526315789474
0 0.6648391812865497 0.4399671052631579 0.007309941520467836 0.005208333333333333
0 0.6663011695906432 0.4067982456140351 0.017178362573099414 0.017543859649122806
0 0.66703216374269 0.8242872807017544 0.025950292397660817 0.021929824561403508
0 0.6684941520467836 0.48985745614035087 0.012792397660818713 0.010416666666666666
0 0.6695906432748538 0.9070723684210527 0.012792397660818713 0.012335526315789474
0 0.6706871345029239 0.5052083333333334 0.013888888888888888 0.013157894736842105
0 0.6714181286549707 0.29797149122807015 0.010964912280701754 0.01069078947368421
0 0.6736111111111112 0.8856907894736842 0.014619883040935672 0.011513157894736841
0 0.6769005847953217 0.43777412280701755 0.006578947368421052 0.006030701754385965
0 0.6772660818713451 0.7604166666666666 0.02631578947368421 0.012883771929824562
0 0.6812865497076024 0.6444627192982456 0.01608187134502924 0.012883771929824562
0 0.685672514619883 0.8903508771929824 0.014619883040935672 0.013706140350877192
0 0.6882309941520468 0.29331140350877194 0.009137426900584795 0.010142543859649123
0 0.6896929824561403 0.8854166666666666 0.017909356725146198 0.012883771929824562
0 0.6918859649122807 0.20175438596491227 0.013523391812865496 0.01206140350877193
0 0.694078947368421 0.28810307017543857 0.010964912280701754 0.00849780701754386
0 0.6955409356725146 0.9024122807017544 0.013888888888888888 0.01644736842105263
0 0.6995614035087719 0.9270833333333334 0.021198830409356724 0.018092105263157895
0 0.7068713450292398 0.3385416666666667 0.010964912280701754 0.008771929824561403
0 0.7068713450292398 0.9026864035087719 0.019005847953216373 0.014802631578947368
0 0.7072368421052632 0.3832236842105263 0.009868421052631578 0.004111842105263158
0 0.7094298245614035 0.7321820175438597 0.014985380116959063 0.017543859649122806
0 0.7112573099415205 0.8508771929824561 0.020833333333333332 0.01918859649122807
0 0.7196637426900585 0.9624451754385965 0.019736842105263157 0.01699561403508772
0 0.721125730994152 0.3516995614035088 0.009137426900584795 0.009594298245614035
0 0.7386695906432749 0.2916666666666667 0.015716374269005847 0.01343201754385965
0 0.7390350877192983 0.38760964912280704 0.015350877192982455 0.010142543859649123
0 0.7419590643274854 0.2905701754385965 0.017178362573099414 0.01343201754385965
0 0.7459795321637427 0.33168859649122806 0.013888888888888888 0.010964912280701754
0 0.7467105263157895 0.8212719298245614 0.0266812865497076 0.024671052631578948
0 0.756578947368421 0.28234649122807015 0.014985380116959063 0.012609649122807017
0 0.7605994152046783 0.5320723684210527 0.01644736842105263 0.013706140350877192
0 0.764985380116959 0.7672697368421053 0.021929824561403508 0.01069078947368421
0 0.7668128654970761 0.3470394736842105 0.016812865497076022 0.01425438596491228
0 0.7821637426900585 0.2897478070175439 0.013157894736842105 0.010142543859649123
0 0.7913011695906432 0.37198464912280704 0.009137426900584795 0.012883771929824562
0 0.7949561403508771 0.2574013157894737 0.01644736842105263 0.015350877192982455
0 0.797514619883041 0.8481359649122807 0.0222953216374269 0.01864035087719298
0 0.7989766081871345 0.3333333333333333 0.017909356725146198 0.015899122807017545
0 0.8000730994152047 0.3730811403508772 0.011695906432748537 0.009868421052631578
0 0.8081140350877193 0.35718201754385964 0.017909356725146198 0.01425438596491228
0 0.8081140350877193 0.668859649122807 0.013157894736842105 0.008223684210526315
0 0.8088450292397661 0.6546052631578947 0.006578947368421052 0.010142543859649123
0 0.8135964912280702 0.23382675438596492 0.019005847953216373 0.01644736842105263
0 0.8176169590643275 0.38898026315789475 0.012426900584795321 0.007949561403508772
0 0.8220029239766082 0.4388706140350877 0.01206140350877193 0.008771929824561403
0 0.8271198830409356 0.26343201754385964 0.01644736842105263 0.01343201754385965
0 0.8315058479532164 0.43448464912280704 0.011695906432748537 0.009868421052631578
0 0.8358918128654971 0.34292763157894735 0.011695906432748537 0.007949561403508772
0 0.8373538011695907 0.2774122807017544 0.019005847953216373 0.012609649122807017
0 0.8380847953216374 0.2637061403508772 0.013888888888888888 0.012609649122807017
0 0.8384502923976608 0.4605263157894737 0.012426900584795321 0.007949561403508772
0 0.839546783625731 0.38843201754385964 0.01206140350877193 0.007675438596491228
0 0.839546783625731 0.7020285087719298 0.017909356725146198 0.014802631578947368
0 0.841374269005848 0.6513157894736842 0.021929824561403508 0.01699561403508772
0 0.8424707602339181 0.5093201754385965 0.011330409356725146 0.006853070175438596
0 0.8541666666666666 0.9649122807017544 0.008771929824561403 0.006304824561403508
0 0.85453216374269 0.15076754385964913 0.013157894736842105 0.009594298245614035
0 0.8548976608187134 0.6474780701754386 0.01827485380116959 0.01918859649122807
0 0.8614766081871345 0.5973135964912281 0.017543859649122806 0.008771929824561403
0 0.866593567251462 0.3125 0.01864035087719298 0.017543859649122806
0 0.8932748538011696 0.47423245614035087 0.011330409356725146 0.00849780701754386
0 0.8987573099415205 0.6195175438596491 0.01425438596491228 0.01781798245614035
0 0.9064327485380117 0.4887609649122807 0.00804093567251462 0.00712719298245614
0 0.9100877192982456 0.5951206140350878 0.021929824561403508 0.018914473684210526
0 0.910453216374269 0.3053728070175439 0.017543859649122806 0.01069078947368421
0 0.9130116959064327 0.846765350877193 0.021198830409356724 0.015076754385964912
0 0.9152046783625731 0.96875 0.016812865497076022 0.009868421052631578
0 0.9276315789473685 0.30646929824561403 0.01206140350877193 0.011513157894736841
0 0.9294590643274854 0.29660087719298245 0.013523391812865496 0.011239035087719298
0 0.9327485380116959 0.5082236842105263 0.011695906432748537 0.007949561403508772
0 0.9349415204678363 0.7771381578947368 0.019005847953216373 0.015625
0 0.9353070175438597 0.3111293859649123 0.013523391812865496 0.01206140350877193
0 0.9389619883040936 0.8366228070175439 0.019005847953216373 0.01425438596491228
0 0.9415204678362573 0.2689144736842105 0.023757309941520467 0.018914473684210526
0 0.9429824561403509 0.13788377192982457 0.014985380116959063 0.01206140350877193
0 0.9462719298245614 0.6768092105263158 0.017178362573099414 0.012609649122807017
0 0.9480994152046783 0.15871710526315788 0.012426900584795321 0.007949561403508772
0 0.952485380116959 0.38514254385964913 0.01023391812865497 0.005208333333333333
0 0.9550438596491229 0.21628289473684212 0.009868421052631578 0.008771929824561403
0 0.956140350877193 0.8297697368421053 0.015716374269005847 0.017269736842105265
0 0.9601608187134503 0.11869517543859649 0.017909356725146198 0.01699561403508772
0 0.9638157894736842 0.21984649122807018 0.014619883040935672 0.009868421052631578
0 0.9692982456140351 0.21408991228070176 0.014985380116959063 0.009046052631578948
0 0.9824561403508771 0.3900767543859649 0.010964912280701754 0.008223684210526315
0 0.9839181286549707 0.11787280701754387 0.007675438596491228 0.007401315789473684
0 0.9853801169590644 0.43969298245614036 0.01206140350877193 0.00849780701754386
0 0.9894005847953217 0.4473684210526316 0.009137426900584797 0.006030701754385965
