0 0.010416666666666666 0.6197089947089947 0.01314484126984127 0.016534391534391533
0 0.018105158730158732 0.7423941798941799 0.007936507936507936 0.008597883597883597
0 0.033482142857142856 0.21825396825396826 0.00818452380952381 0.01521164021164021
0 0.06001984126984127 0.3958333333333333 0.019345238095238096 0.028108465608465607
0 0.07316468253968254 0.5886243386243386 0.009672619047619048 0.011574074074074073
0 0.0974702380952381 0.4771825396825397 0.011904761904761904 0.01488095238095238
0 0.1212797619047619 0.7337962962962963 0.006448412698412698 0.008267195767195767
0 0.125 0.7437169312169312 0.007192460317460317 0.011574074074074073
0 0.12624007936507936 0.416005291005291 0.008680555555555556 0.012566137566137565
0 0.1284722222222222 0.7334656084656085 0.006696428571428571 0.008597883597883597
0 0.12996031746031747 0.6984126984126984 0.010416666666666666 0.012896825396825396
0 0.13268849206349206 0.6626984126984127 0.003224206349206349 0.005621693121693121
0 0.15922619047619047 0.47453703703703703 0.012648809523809524 0.022486772486772486
0 0.17733134920634921 0.47354497354497355 0.012896825396825396 0.01951058201058201
0 0.18874007936507936 0.6977513227513228 0.00744047619047619 0.011243386243386243
0 0.1939484126984127 0.5509259259259259 0.006696428571428571 0.00958994708994709
0 0.19444444444444445 0.6851851851851852 0.006448412698412698 0.00958994708994709
0 0.2123015873015873 0.7017195767195767 0.00744047619047619 0.010912698412698412
0 0.21924603174603174 0.9537037037037037 0.007192460317460317 0.015542328042328041
0 0.2214781746031746 0.5466269841269841 0.004216269841269841 0.006283068783068783
0 0.2333829365079365 0.6448412698412699 0.012648809523809524 0.021494708994708994
0 0.23363095238095238 0.683531746031746 0.005704365079365079 0.008267195767195767
0 0.24131944444444445 0.5787037037037037 0.01314484126984127 0.018187830687830687
0 0.24751984126984128 0.9021164021164021 0.008432539682539682 0.015542328042328041
0 0.2552083333333333 0.6676587301587301 0.015376984126984126 0.023148148148148147
0 0.25595238095238093 0.45866402116402116 0.01711309523809524 0.022817460317460316
0 0.2564484126984127 0.9017857142857143 0.009672619047619048 0.018849206349206348
0 0.26091269841269843 0.9943783068783069 0.016865079365079364 0.010912698412698412
0 0.26959325396825395 0.9837962962962963 0.011160714285714286 0.014219576719576719
0 0.2698412698412698 0.9599867724867724 0.011904761904761904 0.0205026455026455
0 0.2775297619047619 0.45535714285714285 0.014632936507936508 0.02414021164021164
0 0.2787698412698413 0.8449074074074074 0.004464285714285714 0.00992063492063492
0 0.2864583333333333 0.843584656084656 0.006200396825396825 0.01025132275132275
0 0.3080357142857143 0.8561507936507936 0.003472222222222222 0.005952380952380952
0 0.3090277777777778 0.22685185185185186 0.008432539682539682 0.013558201058201057
0 0.30952380952380953 0.5324074074074074 0.007936507936507936 0.00992063492063492
0 0.3117559523809524 0.8558201058201058 0.003968253968253968 0.006283068783068783
0 0.31200396825396826 0.9560185185185185 0.009672619047619048 0.01488095238095238
0 0.3132440476190476 0.808531746031746 0.006448412698412698 0.006944444444444444
0 0.3149801587301587 0.855489417989418 0.004464285714285714 0.006283068783068783
0 0.3152281746031746 0.6253306878306878 0.005456349206349206 0.006613756613756613
0 0.31572420634920634 0.8617724867724867 0.005208333333333333 0.006283068783068783
0 0.31746031746031744 0.8683862433862434 0.005208333333333333 0.007275132275132275
0 0.3189484126984127 0.8548280423280423 0.004464285714285714 0.006613756613756613
0 0.3229166666666667 0.7430555555555556 0.002232142857142857 0.006613756613756613
0 0.32316468253968256 0.5651455026455027 0.01240079365079365 0.023148148148148147
0 0.32862103174603174 0.7380952380952381 0.002976190476190476 0.005621693121693121
0 0.32862103174603174 0.8075396825396826 0.011160714285714286 0.015873015873015872
0 0.34350198412698413 0.8224206349206349 0.007688492063492063 0.00992063492063492
0 0.3492063492063492 0.5072751322751323 0.01488095238095238 0.022486772486772486
0 0.3524305555555556 0.8191137566137566 0.00744047619047619 0.011243386243386243
0 0.35912698412698413 0.49603174603174605 0.014384920634920634 0.018849206349206348
0 0.35912698412698413 0.7632275132275133 0.007688492063492063 0.009259259259259259
0 0.3618551587301587 0.7552910052910053 0.008680555555555556 0.008597883597883597
0 0.3638392857142857 0.7159391534391535 0.005208333333333333 0.008267195767195767
0 0.3767361111111111 0.6243386243386243 0.003720238095238095 0.006613756613756613
0 0.37996031746031744 0.8158068783068783 0.004712301587301587 0.006613756613756613
0 0.38740079365079366 0.8095238095238095 0.00496031746031746 0.008928571428571428
0 0.39087301587301587 0.7132936507936508 0.003968253968253968 0.006283068783068783
0 0.39384920634920634 0.5704365079365079 0.01240079365079365 0.01984126984126984
0 0.3948412698412698 0.7132936507936508 0.003720238095238095 0.003968253968253968
0 0.404265873015873 0.5244708994708994 0.011408730158730158 0.016865079365079364
0 0.4045138888888889 0.7566137566137566 0.007192460317460317 0.010912698412698412
0 0.4079861111111111 0.7645502645502645 0.006200396825396825 0.011243386243386243
0 0.40848214285714285 0.7490079365079365 0.005952380952380952 0.007275132275132275
0 0.4114583333333333 0.17294973544973544 0.011408730158730158 0.017526455026455025
0 0.41393849206349204 0.7023809523809523 0.007192460317460317 0.013558201058201057
0 0.41418650793650796 0.13326719576719576 0.00992063492063492 0.01455026455026455
0 0.4146825396825397 0.4566798941798942 0.013640873015873016 0.01984126984126984
0 0.41790674603174605 0.20833333333333334 0.012648809523809524 0.02017195767195767
0 0.4181547619047619 0.7000661375661376 0.006944444444444444 0.010912698412698412
0 0.42137896825396826 0.7311507936507936 0.006200396825396825 0.01025132275132275
0 0.4260912698412698 0.7258597883597884 0.006448412698412698 0.010582010582010581
0 0.43179563492063494 0.7367724867724867 0.003968253968253968 0.00992063492063492
0 0.4350198412698413 0.44907407407407407 0.013392857142857142 0.020833333333333332
0 0.4419642857142857 0.9751984126984127 0.01066468253968254 0.016203703703703703
0 0.4437003968253968 0.5416666666666666 0.004712301587301587 0.005621693121693121
0 0.4774305555555556 0.30522486772486773 0.003224206349206349 0.004298941798941799
0 0.4799107142857143 0.6015211640211641 0.00496031746031746 0.00992063492063492
0 0.484375 0.593584656084656 0.007192460317460317 0.00992063492063492
0 0.48462301587301587 0.25793650793650796 0.004216269841269841 0.006613756613756613
0 0.4945436507936508 0.5677910052910053 0.004712301587301587 0.008928571428571428
0 0.5081845238095238 0.5198412698412699 0.002728174603174603 0.003968253968253968
0 0.5114087301587301 0.4990079365079365 0.004464285714285714 0.005952380952380952
0 0.5146329365079365 0.5909391534391535 0.00818452380952381 0.012235449735449735
0 0.5243055555555556 0.5076058201058201 0.006944444444444444 0.005952380952380952
0 0.5322420634920635 0.9107142857142857 0.017857142857142856 0.023148148148148147
0 0.5453869047619048 0.20105820105820105 0.002232142857142857 0.004629629629629629
0 0.5453869047619048 0.45866402116402116 0.006944444444444444 0.00958994708994709
0 0.5533234126984127 0.19477513227513227 0.001488095238095238 0.002976190476190476
0 0.558531746031746 0.49206349206349204 0.006200396825396825 0.008597883597883597
0 0.5602678571428571 0.5803571428571429 0.00818452380952381 0.009259259259259259
0 0.5615079365079365 0.19907407407407407 0.002728174603174603 0.005621693121693121
0 0.5642361111111112 0.19411375661375663 0.002728174603174603 0.004298941798941799
0 0.5647321428571429 0.19775132275132276 0.001736111111111111 0.0036375661375661374
0 0.5669642857142857 0.19212962962962962 0.004464285714285714 0.005621693121693121
0 0.5709325396825397 0.5376984126984127 0.004464285714285714 0.010582010582010581
0 0.5739087301587301 0.8958333333333334 0.011160714285714286 0.018187830687830687
0 0.5756448412698413 0.7152777777777778 0.01066468253968254 0.015542328042328041
0 0.5840773809523809 0.9021164021164021 0.010168650793650794 0.018187830687830687
0 0.5848214285714286 0.21428571428571427 0.002232142857142857 0.004298941798941799
0 0.5858134920634921 0.8184523809523809 0.00744047619047619 0.01488095238095238
0 0.5910218253968254 0.2175925925925926 0.003224206349206349 0.004629629629629629
0 0.5925099206349206 0.18154761904761904 0.002976190476190476 0.004298941798941799
0 0.5954861111111112 0.9136904761904762 0.009176587301587302 0.015873015873015872
0 0.5984623015873016 0.513558201058201 0.009424603174603174 0.013558201058201057
0 0.6021825396825397 0.2099867724867725 0.002232142857142857 0.00496031746031746
0 0.6041666666666666 0.20965608465608465 0.002728174603174603 0.004629629629629629
0 0.6049107142857143 0.5843253968253969 0.006696428571428571 0.007936507936507936
0 0.6051587301587301 0.7123015873015873 0.010416666666666666 0.012235449735449735
0 0.6083829365079365 0.1412037037037037 0.002976190476190476 0.003968253968253968
0 0.6103670634920635 0.7457010582010583 0.011408730158730158 0.016534391534391533
0 0.6125992063492064 0.7804232804232805 0.007688492063492063 0.011243386243386243
0 0.6135912698412699 0.16865079365079366 0.003224206349206349 0.004298941798941799
0 0.6135912698412699 0.7592592592592593 0.01066468253968254 0.014219576719576719
0 0.6165674603174603 0.16203703703703703 0.003720238095238095 0.004629629629629629
0 0.6185515873015873 0.16633597883597884 0.003720238095238095 0.005952380952380952
0 0.625 0.49834656084656087 0.010416666666666666 0.015873015873015872
0 0.6292162698412699 0.18518518518518517 0.004216269841269841 0.005952380952380952
0 0.6297123015873016 0.16732804232804233 0.003968253968253968 0.005621693121693121
0 0.6304563492063492 0.6378968253968254 0.005704365079365079 0.007605820105820105
0 0.6307043650793651 0.6696428571428571 0.007192460317460317 0.008267195767195767
0 0.6319444444444444 0.1832010582010582 0.003472222222222222 0.006283068783068783
0 0.6339285714285714 0.18716931216931218 0.003472222222222222 0.005621693121693121
0 0.6361607142857143 0.49272486772486773 0.00992063492063492 0.017857142857142856
0 0.6381448412698413 0.17096560846560846 0.003472222222222222 0.005291005291005291
0 0.6436011904761905 0.8353174603174603 0.006944444444444444 0.007275132275132275
0 0.6500496031746031 0.22056878306878308 0.004712301587301587 0.005621693121693121
0 0.6502976190476191 0.8353174603174603 0.009424603174603174 0.007275132275132275
0 0.6579861111111112 0.1908068783068783 0.003224206349206349 0.00496031746031746
0 0.658234126984127 0.19940476190476192 0.002728174603174603 0.004629629629629629
0 0.6597222222222222 0.251984126984127 0.003472222222222222 0.0036375661375661374
0 0.6614583333333334 0.7959656084656085 0.00818452380952381 0.011904761904761904
0 0.6639384920634921 0.251984126984127 0.003224206349206349 0.00496031746031746
0 0.6674107142857143 0.2509920634920635 0.002976190476190476 0.004629629629629629
0 0.6676587301587301 0.9761904761904762 0.010168650793650794 0.01488095238095238
0 0.6681547619047619 0.2222222222222222 0.001984126984126984 0.00496031746031746
0 0.6684027777777778 0.20436507936507936 0.003472222222222222 0.005952380952380952
0 0.6701388888888888 0.19047619047619047 0.002728174603174603 0.004298941798941799
0 0.6736111111111112 0.24834656084656084 0.004216269841269841 0.006283068783068783
0 0.6741071428571429 0.8012566137566137 0.011656746031746032 0.014219576719576719
0 0.6790674603174603 0.2222222222222222 0.005208333333333333 0.006613756613756613
0 0.6808035714285714 0.6461640211640212 0.01066468253968254 0.016865079365079364
0 0.6909722222222222 0.6491402116402116 0.010912698412698412 0.014219576719576719
0 0.7003968253968254 0.25462962962962965 0.003472222222222222 0.006613756613756613
0 0.7053571428571429 0.251984126984127 0.002728174603174603 0.003968253968253968
0 0.7113095238095238 0.808531746031746 0.010168650793650794 0.013888888888888888
0 0.7175099206349206 0.734457671957672 0.011408730158730158 0.014219576719576719
0 0.7249503968253969 0.2251984126984127 0.004216269841269841 0.006944444444444444
0 0.7316468253968254 0.8472222222222222 0.010912698412698412 0.017195767195767195
0 0.7375992063492064 0.8551587301587301 0.00992063492063492 0.015542328042328041
0 0.738343253968254 0.9047619047619048 0.009176587301587302 0.013888888888888888
0 0.7395833333333334 0.2443783068783069 0.004216269841269841 0.006613756613756613
0 0.746031746031746 0.8766534391534392 0.006696428571428571 0.016534391534391533
0 0.7529761904761905 0.38955026455026454 0.006448412698412698 0.007275132275132275
0 0.7641369047619048 0.7728174603174603 0.009672619047619048 0.014219576719576719
0 0.7643849206349206 0.8402777777777778 0.01066468253968254 0.012235449735449735
0 0.7817460317460317 0.8865740740740741 0.00818452380952381 0.01025132275132275
0 0.7842261904761905 0.8432539682539683 0.011408730158730158 0.00992063492063492
0 0.7884424603174603 0.44146825396825395 0.004464285714285714 0.006613756613756613
0 0.8005952380952381 0.4513888888888889 0.009672619047619048 0.011904761904761904
0 0.8053075396825397 0.44576719576719576 0.004464285714285714 0.005621693121693121
0 0.8082837301587301 0.591931216931217 0.004216269841269841 0.005952380952380952
0 0.8221726190476191 0.5552248677248677 0.006696428571428571 0.00958994708994709
0 0.8400297619047619 0.43683862433862436 0.003472222222222222 0.004298941798941799
0 0.8467261904761905 0.455026455026455 0.003720238095238095 0.00496031746031746
0 0.8501984126984127 0.5767195767195767 0.003720238095238095 0.00496031746031746
0 0.8591269841269841 0.48908730158730157 0.004464285714285714 0.005291005291005291
0 0.8628472222222222 0.49206349206349204 0.004216269841269841 0.00496031746031746
0 0.8628472222222222 0.7447089947089947 0.004464285714285714 0.006944444444444444
0 0.8645833333333334 0.421957671957672 0.003224206349206349 0.004298941798941799
0 0.8745039682539683 0.7037037037037037 0.002232142857142857 0.0036375661375661374
0 0.8916170634920635 0.6220238095238095 0.003224206349206349 0.004629629629629629
0 0.8988095238095238 0.15873015873015872 0.004216269841269841 0.006613756613756613
0 0.90625 0.9877645502645502 0.007688492063492063 0.011574074074074073
0 0.9139384920634921 0.7023809523809523 0.008680555555555556 0.012235449735449735
0 0.9181547619047619 0.42394179894179895 0.006944444444444444 0.008928571428571428
0 0.9191468253968254 0.48644179894179895 0.00248015873015873 0.0036375661375661374
0 0.9231150793650794 0.9411375661375662 0.008680555555555556 0.011574074074074073
0 0.9280753968253969 0.9176587301587301 0.01066468253968254 0.011243386243386243
0 0.9303075396825397 0.9424603174603174 0.008928571428571428 0.011574074074074073
0 0.9412202380952381 0.9503968253968254 0.013392857142857142 0.014219576719576719
0 0.9449404761904762 0.14649470899470898 0.002976190476190476 0.004298941798941799
0 0.9479166666666666 0.4255952380952381 0.007192460317460317 0.008597883597883597
0 0.9481646825396826 0.14616402116402116 0.002728174603174603 0.0036375661375661374
0 0.9484126984126984 0.6101190476190477 0.006944444444444444 0.007936507936507936
0 0.955109126984127 0.5952380952380952 0.006696428571428571 0.007936507936507936
0 0.9561011904761905 0.9831349206349206 0.012896825396825396 0.018187830687830687
0 0.9608134920634921 0.5962301587301587 0.007688492063492063 0.008928571428571428
0 0.9657738095238095 0.5945767195767195 0.00744047619047619 0.008597883597883597
0 0.9724702380952381 0.055224867724867725 0.006448412698412698 0.008597883597883597
0 0.9801587301587301 0.3974867724867725 0.007936507936507936 0.009259259259259259
0 0.9903273809523809 0.12103174603174603 0.005952380952380952 0.008597883597883597
0 0.9970238095238095 0.04398148148148148 0.005456349206349206 0.00992063492063492
