0 0.05424 0.06758428571428572 0.012665022026431718 0.006696507936507937
0 0.05506607929515418 0.03162206349206349 0.015418502202643172 0.008184444444444444
0 0.05754396475770925 0.07291666666666667 0.012665022026431718 0.00744047619047619
0 0.06662977973568282 0.06125984126984126 0.011013215859030838 0.005952380952380952
0 0.08893180616740087 0.4191468253968254 0.02588123348017621 0.011904761904761904
0 0.3397578854625551 0.2570684126984127 0.024229074889867842 0.012648730158730158
0 0.4507157709251101 0.22408238095238098 0.02808352422907489 0.012152857142857144
0 0.4724669603524229 0.2251984126984127 0.016519823788546256 0.010912698412698412
0 0.47329303964757713 0.26103666666666664 0.020374625550660795 0.01116063492063492
0 0.4738435242290749 0.22457841269841272 0.020374625550660795 0.012152857142857144
0 0.4746696035242291 0.26165682539682544 0.025330396475770924 0.014384920634920634
0 0.4939425550660793 0.2219742857142857 0.02753303964757709 0.015873015873015872
0 0.5148680176211453 0.21875 0.02643171806167401 0.012896825396825396
0 0.5184472246696036 0.22681047619047617 0.02808352422907489 0.00868063492063492
0 0.5184472246696036 0.2282985714285714 0.02918484581497797 0.012152857142857144
0 0.5393723348017622 0.21626984126984128 0.02918484581497797 0.013888888888888888
0 0.5429515418502202 0.2377231746031746 0.02973568281938326 0.014633015873015874
0 0.8080945859030837 0.36929555555555554 0.02477966960352423 0.011408730158730158
0 0.8188325903083701 0.38876492063492063 0.020925251101321585 0.012152857142857144
