0 0.04712301587301587 0.6441798941798942 0.01636904761904762 0.01951058201058201
0 0.08506944444444445 0.8065476190476191 0.009424603174603174 0.013227513227513227
0 0.08903769841269842 0.640542328042328 0.018353174603174604 0.023148148148148147
0 0.10788690476190477 0.7007275132275133 0.01488095238095238 0.02414021164021164
0 0.1158234126984127 0.9884259259259259 0.011904761904761904 0.01951058201058201
0 0.11681547619047619 0.7863756613756614 0.011160714285714286 0.013558201058201057
0 0.12028769841269842 0.8015873015873016 0.007688492063492063 0.009259259259259259
0 0.14012896825396826 0.6302910052910053 0.015625 0.026124338624338623
0 0.14087301587301587 0.5532407407407407 0.016865079365079364 0.022486772486772486
0 0.14508928571428573 0.5333994708994709 0.015128968253968254 0.0205026455026455
0 0.15674603174603174 0.5413359788359788 0.008680555555555556 0.018187830687830687
0 0.1932043650793651 0.9646164021164021 0.008680555555555556 0.021164021164021163
0 0.20610119047619047 0.7288359788359788 0.010912698412698412 0.01521164021164021
0 0.20858134920634921 0.5539021164021164 0.009424603174603174 0.023478835978835978
0 0.21106150793650794 0.8845899470899471 0.01636904761904762 0.018518518518518517
0 0.21378968253968253 0.5376984126984127 0.017857142857142856 0.01455026455026455
0 0.21750992063492064 0.5542328042328042 0.018601190476190476 0.026455026455026454
0 0.21999007936507936 0.49074074074074076 0.014136904761904762 0.021164021164021163
0 0.2204861111111111 0.8366402116402116 0.008680555555555556 0.011243386243386243
0 0.22271825396825398 0.9259259259259259 0.013640873015873016 0.017857142857142856
0 0.22321428571428573 0.8548280423280423 0.010912698412698412 0.013558201058201057
0 0.22420634920634921 0.8895502645502645 0.014384920634920634 0.02017195767195767
0 0.22643849206349206 0.5476190476190477 0.018105158730158732 0.025793650793650792
0 0.23239087301587302 0.5327380952380952 0.016617063492063492 0.01951058201058201
0 0.23859126984126985 0.8802910052910053 0.016865079365079364 0.022817460317460316
0 0.24107142857142858 0.6018518518518519 0.009672619047619048 0.012235449735449735
0 0.25744047619047616 0.5505952380952381 0.011408730158730158 0.01455026455026455
0 0.2740575396825397 0.5138888888888888 0.018105158730158732 0.026785714285714284
0 0.2770337301587302 0.48544973544973546 0.013888888888888888 0.031084656084656083
0 0.2805059523809524 0.751984126984127 0.009424603174603174 0.007936507936507936
0 0.28075396825396826 0.7668650793650794 0.010168650793650794 0.011243386243386243
0 0.28273809523809523 0.5066137566137566 0.019345238095238096 0.023148148148148147
0 0.2829861111111111 0.5598544973544973 0.005952380952380952 0.012566137566137565
0 0.2829861111111111 0.7017195767195767 0.011408730158730158 0.012235449735449735
0 0.2867063492063492 0.7420634920634921 0.008432539682539682 0.007936507936507936
0 0.2867063492063492 0.9517195767195767 0.011408730158730158 0.016203703703703703
0 0.2904265873015873 0.9950396825396826 0.008680555555555556 0.00958994708994709
0 0.29712301587301587 0.49206349206349204 0.013888888888888888 0.03141534391534392
0 0.3003472222222222 0.7870370370370371 0.01066468253968254 0.01488095238095238
0 0.3003472222222222 0.9103835978835979 0.011904761904761904 0.017526455026455025
0 0.3013392857142857 0.7423941798941799 0.005952380952380952 0.006613756613756613
0 0.3072916666666667 0.8650793650793651 0.014384920634920634 0.018187830687830687
0 0.30778769841269843 0.7440476190476191 0.008680555555555556 0.007936507936507936
0 0.3082837301587302 0.7820767195767195 0.009672619047619048 0.011904761904761904
0 0.31125992063492064 0.705026455026455 0.010912698412698412 0.016534391534391533
0 0.31299603174603174 0.6071428571428571 0.007936507936507936 0.007275132275132275
0 0.31299603174603174 0.8515211640211641 0.014136904761904762 0.017526455026455025
0 0.3134920634920635 0.5244708994708994 0.00496031746031746 0.007605820105820105
0 0.31398809523809523 0.9097222222222222 0.013392857142857142 0.01488095238095238
0 0.3211805555555556 0.841931216931217 0.011160714285714286 0.015542328042328041
0 0.32316468253968256 0.9808201058201058 0.015625 0.026785714285714284
0 0.32514880952380953 0.6550925925925926 0.005952380952380952 0.008267195767195767
0 0.3333333333333333 0.7953042328042328 0.010912698412698412 0.016865079365079364
0 0.33804563492063494 0.9718915343915344 0.008928571428571428 0.02017195767195767
0 0.34052579365079366 0.8022486772486772 0.010168650793650794 0.012566137566137565
0 0.34350198412698413 0.7976190476190477 0.011904761904761904 0.017526455026455025
0 0.34871031746031744 0.933531746031746 0.015376984126984126 0.019841269841269844
0 0.34871031746031744 0.9500661375661376 0.007192460317460317 0.011904761904761904
0 0.3551587301587302 0.7298280423280423 0.007192460317460317 0.011243386243386243
0 0.35714285714285715 0.7000661375661376 0.008928571428571428 0.013888888888888888
0 0.3621031746031746 0.5009920634920635 0.004216269841269841 0.00992063492063492
0 0.3648313492063492 0.6974206349206349 0.00992063492063492 0.010582010582010581
0 0.3663194444444444 0.683531746031746 0.005952380952380952 0.008267195767195767
0 0.36755952380952384 0.6309523809523809 0.009176587301587302 0.013558201058201057
0 0.376984126984127 0.4113756613756614 0.021577380952380952 0.03141534391534392
0 0.3777281746031746 0.4894179894179894 0.00818452380952381 0.012566137566137565
0 0.38169642857142855 0.48048941798941797 0.005952380952380952 0.010912698412698412
0 0.3821924603174603 0.5803571428571429 0.01066468253968254 0.016534391534391533
0 0.38740079365079366 0.7384259259259259 0.006696428571428571 0.008928571428571428
0 0.38913690476190477 0.6537698412698413 0.009424603174603174 0.01455026455026455
0 0.3913690476190476 0.6468253968253969 0.008928571428571428 0.011574074074074073
0 0.392609126984127 0.6402116402116402 0.006696428571428571 0.007275132275132275
0 0.39459325396825395 0.4097222222222222 0.007936507936507936 0.009259259259259259
0 0.3993055555555556 0.6825396825396826 0.005208333333333333 0.01455026455026455
0 0.3993055555555556 0.7208994708994709 0.006448412698412698 0.011574074074074073
0 0.4025297619047619 0.42063492063492064 0.006696428571428571 0.00496031746031746
0 0.4025297619047619 0.5720899470899471 0.008928571428571428 0.008928571428571428
0 0.4055059523809524 0.9950396825396826 0.01066468253968254 0.00958994708994709
0 0.40773809523809523 0.6822089947089947 0.01314484126984127 0.012566137566137565
0 0.408234126984127 0.921957671957672 0.010416666666666666 0.008928571428571428
0 0.4089781746031746 0.40343915343915343 0.006200396825396825 0.008597883597883597
0 0.40922619047619047 0.4699074074074074 0.00818452380952381 0.012235449735449735
0 0.40922619047619047 0.9841269841269841 0.01314484126984127 0.016865079365079364
0 0.40947420634920634 0.5621693121693122 0.011160714285714286 0.017195767195767195
0 0.41121031746031744 0.3912037037037037 0.008928571428571428 0.013227513227513227
0 0.4149305555555556 0.6415343915343915 0.007936507936507936 0.010912698412698412
0 0.41617063492063494 0.4011243386243386 0.007936507936507936 0.011243386243386243
0 0.4174107142857143 0.5453042328042328 0.008928571428571428 0.015542328042328041
0 0.4174107142857143 0.6514550264550265 0.006448412698412698 0.008267195767195767
0 0.4208829365079365 0.876984126984127 0.011904761904761904 0.019841269841269844
0 0.4226190476190476 0.7017195767195767 0.008680555555555556 0.012235449735449735
0 0.42336309523809523 0.9907407407407407 0.010416666666666666 0.017857142857142856
0 0.42683531746031744 0.4150132275132275 0.00496031746031746 0.008267195767195767
0 0.42981150793650796 0.779431216931217 0.010912698412698412 0.018187830687830687
0 0.4310515873015873 0.7156084656084656 0.008432539682539682 0.014219576719576719
0 0.4310515873015873 0.7265211640211641 0.007688492063492063 0.01025132275132275
0 0.4330357142857143 0.36673280423280424 0.008432539682539682 0.012896825396825396
0 0.43353174603174605 0.2156084656084656 0.005208333333333333 0.008267195767195767
0 0.435515873015873 0.2867063492063492 0.006944444444444444 0.007936507936507936
0 0.4365079365079365 0.21957671957671956 0.005456349206349206 0.007936507936507936
0 0.43973214285714285 0.39451058201058203 0.00744047619047619 0.00992063492063492
0 0.44221230158730157 0.3386243386243386 0.007936507936507936 0.00958994708994709
0 0.44568452380952384 0.6871693121693122 0.011160714285714286 0.015873015873015872
0 0.44568452380952384 0.9619708994708994 0.013888888888888888 0.021494708994708994
0 0.44717261904761907 0.39021164021164023 0.007192460317460317 0.01025132275132275
0 0.44841269841269843 0.1378968253968254 0.004216269841269841 0.007605820105820105
0 0.4489087301587302 0.37962962962962965 0.008680555555555556 0.008597883597883597
0 0.45188492063492064 0.8472222222222222 0.012648809523809524 0.02017195767195767
0 0.4521329365079365 0.5238095238095238 0.01066468253968254 0.016865079365079364
0 0.45461309523809523 0.5525793650793651 0.004712301587301587 0.00958994708994709
0 0.4568452380952381 0.5737433862433863 0.005456349206349206 0.00992063492063492
0 0.45808531746031744 0.7926587301587301 0.010416666666666666 0.012235449735449735
0 0.46130952380952384 0.9034391534391535 0.012152777777777778 0.01951058201058201
0 0.46304563492063494 0.5542328042328042 0.005952380952380952 0.006283068783068783
0 0.4642857142857143 0.7840608465608465 0.010168650793650794 0.014219576719576719
0 0.46552579365079366 0.4794973544973545 0.010168650793650794 0.011574074074074073
0 0.470734126984127 0.6392195767195767 0.00818452380952381 0.01488095238095238
0 0.47346230158730157 0.5912698412698413 0.006200396825396825 0.008597883597883597
0 0.4742063492063492 0.7126322751322751 0.012648809523809524 0.0205026455026455
0 0.47619047619047616 0.6762566137566137 0.010912698412698412 0.017195767195767195
0 0.4779265873015873 0.9365079365079365 0.011160714285714286 0.017857142857142856
0 0.4826388888888889 0.2400793650793651 0.008432539682539682 0.012235449735449735
0 0.4826388888888889 0.5181878306878307 0.008928571428571428 0.00958994708994709
0 0.4836309523809524 0.9444444444444444 0.011904761904761904 0.018849206349206348
0 0.4861111111111111 0.6451719576719577 0.008680555555555556 0.013227513227513227
0 0.4885912698412698 0.669973544973545 0.01314484126984127 0.015542328042328041
0 0.49181547619047616 0.8138227513227513 0.01066468253968254 0.01917989417989418
0 0.4965277777777778 0.91005291005291 0.010416666666666666 0.018518518518518517
0 0.5 0.42824074074074076 0.010416666666666666 0.01488095238095238
0 0.5002480158730159 0.6732804232804233 0.010912698412698412 0.016534391534391533
0 0.5066964285714286 0.39351851851851855 0.008928571428571428 0.012896825396825396
0 0.5069444444444444 0.6273148148148148 0.009424603174603174 0.012896825396825396
0 0.5069444444444444 0.8988095238095238 0.015376984126984126 0.022156084656084655
0 0.5081845238095238 0.4166666666666667 0.009424603174603174 0.012566137566137565
0 0.5084325396825397 0.7347883597883598 0.00992063492063492 0.010912698412698412
0 0.5163690476190477 0.4801587301587302 0.010416666666666666 0.016203703703703703
0 0.5193452380952381 0.38855820105820105 0.010168650793650794 0.016865079365079364
0 0.5213293650793651 0.41964285714285715 0.008432539682539682 0.010912698412698412
0 0.5245535714285714 0.939484126984127 0.015873015873015872 0.01488095238095238
0 0.5262896825396826 0.8409391534391535 0.011408730158730158 0.017857142857142856
0 0.5295138888888888 0.3835978835978836 0.00992063492063492 0.016534391534391533
0 0.5297619047619048 0.45634920634920634 0.010168650793650794 0.015542328042328041
0 0.5300099206349206 0.357473544973545 0.011656746031746032 0.016534391534391533
0 0.5317460317460317 0.5763888888888888 0.006944444444444444 0.00958994708994709
0 0.5329861111111112 0.42394179894179895 0.009672619047619048 0.012896825396825396
0 0.5384424603174603 0.5026455026455027 0.005952380952380952 0.007275132275132275
0 0.5409226190476191 0.38822751322751325 0.009176587301587302 0.010912698412698412
0 0.5441468253968254 0.4755291005291005 0.00992063492063492 0.006283068783068783
0 0.5443948412698413 0.4828042328042328 0.010168650793650794 0.016865079365079364
0 0.5466269841269841 0.48743386243386244 0.014384920634920634 0.014219576719576719
0 0.5471230158730159 0.3872354497354497 0.008680555555555556 0.013888888888888888
0 0.5510912698412699 0.5806878306878307 0.010416666666666666 0.00958994708994709
0 0.5525793650793651 0.0701058201058201 0.004464285714285714 0.006613756613756613
0 0.5562996031746031 0.1541005291005291 0.006200396825396825 0.008267195767195767
0 0.5570436507936508 0.6722883597883598 0.00744047619047619 0.012566137566137565
0 0.5592757936507936 0.06415343915343916 0.004216269841269841 0.005952380952380952
0 0.5592757936507936 0.5958994708994709 0.005208333333333333 0.007936507936507936
0 0.5610119047619048 0.294973544973545 0.005456349206349206 0.006944444444444444
0 0.5679563492063492 0.6838624338624338 0.005704365079365079 0.00992063492063492
0 0.5716765873015873 0.32275132275132273 0.005456349206349206 0.007605820105820105
0 0.5726686507936508 0.5383597883597884 0.005208333333333333 0.007605820105820105
0 0.5739087301587301 0.4130291005291005 0.00992063492063492 0.014219576719576719
0 0.5739087301587301 0.6845238095238095 0.003720238095238095 0.008597883597883597
0 0.5776289682539683 0.5998677248677249 0.005704365079365079 0.01025132275132275
0 0.5825892857142857 0.3812830687830688 0.009672619047619048 0.00992063492063492
0 0.5830853174603174 0.2443783068783069 0.010168650793650794 0.016203703703703703
0 0.5840773809523809 0.30423280423280424 0.005704365079365079 0.008928571428571428
0 0.5843253968253969 0.2906746031746032 0.006696428571428571 0.008597883597883597
0 0.5845734126984127 0.040674603174603176 0.004464285714285714 0.009259259259259259
0 0.5947420634920635 0.04794973544973545 0.003720238095238095 0.006283068783068783
0 0.5947420634920635 0.27215608465608465 0.006696428571428571 0.010582010582010581
0 0.5972222222222222 0.4060846560846561 0.009424603174603174 0.012566137566137565
0 0.5972222222222222 0.43187830687830686 0.011160714285714286 0.017195767195767195
0 0.5982142857142857 0.6583994708994709 0.004712301587301587 0.008928571428571428
0 0.6004464285714286 0.4169973544973545 0.007936507936507936 0.011574074074074073
0 0.6019345238095238 0.8072089947089947 0.011904761904761904 0.018849206349206348
0 0.6076388888888888 0.00958994708994709 0.00496031746031746 0.007936507936507936
0 0.6076388888888888 0.05125661375661376 0.00496031746031746 0.006944444444444444
0 0.6076388888888888 0.564484126984127 0.006944444444444444 0.00992063492063492
0 0.6096230158730159 0.22321428571428573 0.006696428571428571 0.010912698412698412
0 0.6098710317460317 0.09755291005291006 0.005456349206349206 0.008597883597883597
0 0.6121031746031746 0.5347222222222222 0.007192460317460317 0.012235449735449735
0 0.6123511904761905 0.21957671957671956 0.006944444444444444 0.013888888888888888
0 0.6173115079365079 0.5281084656084656 0.00744047619047619 0.008928571428571428
0 0.6192956349206349 0.2361111111111111 0.008432539682539682 0.013888888888888888
0 0.6205357142857143 0.210978835978836 0.005456349206349206 0.007936507936507936
0 0.6220238095238095 0.08664021164021164 0.00744047619047619 0.009259259259259259
0 0.6245039682539683 0.35978835978835977 0.00818452380952381 0.011243386243386243
0 0.6257440476190477 0.164021164021164 0.004712301587301587 0.006283068783068783
0 0.6331845238095238 0.0582010582010582 0.004464285714285714 0.005291005291005291
0 0.6391369047619048 0.34424603174603174 0.006696428571428571 0.011243386243386243
0 0.6391369047619048 0.4332010582010582 0.00818452380952381 0.008597883597883597
0 0.6396329365079365 0.011574074074074073 0.00496031746031746 0.007936507936507936
0 0.6455853174603174 0.1822089947089947 0.007936507936507936 0.012235449735449735
0 0.6493055555555556 0.36078042328042326 0.008432539682539682 0.011574074074074073
0 0.6535218253968254 0.1626984126984127 0.004712301587301587 0.007605820105820105
0 0.6557539682539683 0.14715608465608465 0.007192460317460317 0.012896825396825396
0 0.6560019841269841 0.16005291005291006 0.002976190476190476 0.008928571428571428
0 0.65625 0.07076719576719577 0.005704365079365079 0.00992063492063492
0 0.6567460317460317 0.4801587301587302 0.006200396825396825 0.007936507936507936
0 0.6587301587301587 0.3816137566137566 0.014136904761904762 0.018187830687830687
0 0.6664186507936508 0.2853835978835979 0.01240079365079365 0.018187830687830687
0 0.6790674603174603 0.9484126984126984 0.016865079365079364 0.02513227513227513
0 0.6865079365079365 0.48115079365079366 0.007688492063492063 0.00958994708994709
0 0.6959325396825397 0.3187830687830688 0.008432539682539682 0.011243386243386243
0 0.7013888888888888 0.045965608465608467 0.005456349206349206 0.008267195767195767
0 0.703125 0.05489417989417989 0.00496031746031746 0.008267195767195767
0 0.7125496031746031 0.7298280423280423 0.010168650793650794 0.013227513227513227
0 0.7127976190476191 0.5003306878306878 0.00992063492063492 0.013888888888888888
0 0.7155257936507936 0.5152116402116402 0.00992063492063492 0.01521164021164021
0 0.716765873015873 0.6623677248677249 0.00992063492063492 0.018518518518518517
0 0.7170138888888888 0.06977513227513228 0.005704365079365079 0.008597883597883597
0 0.7175099206349206 0.13525132275132276 0.00496031746031746 0.009259259259259259
0 0.7202380952380952 0.006613756613756613 0.007688492063492063 0.013227513227513227
0 0.7234623015873016 0.9894179894179894 0.01240079365079365 0.013227513227513227
0 0.7286706349206349 0.5545634920634921 0.005704365079365079 0.010582010582010581
0 0.7309027777777778 0.3429232804232804 0.01240079365079365 0.013888888888888888
0 0.7338789682539683 0.455026455026455 0.006448412698412698 0.01951058201058201
0 0.7348710317460317 0.6504629629629629 0.009672619047619048 0.013227513227513227
0 0.7356150793650794 0.4837962962962963 0.009672619047619048 0.00958994708994709
0 0.7408234126984127 0.955026455026455 0.010912698412698412 0.011904761904761904
0 0.7423115079365079 0.34424603174603174 0.01066468253968254 0.010912698412698412
0 0.7457837301587301 0.5595238095238095 0.009176587301587302 0.012235449735449735
0 0.7534722222222222 0.5165343915343915 0.013888888888888888 0.01951058201058201
0 0.7557043650793651 0.04861111111111111 0.00496031746031746 0.006283068783068783
0 0.7569444444444444 0.22552910052910052 0.005704365079365079 0.007605820105820105
0 0.7594246031746031 0.04265873015873016 0.003968253968253968 0.006283068783068783
0 0.7723214285714286 0.5509259259259259 0.013640873015873016 0.02017195767195767
0 0.7725694444444444 0.8409391534391535 0.009176587301587302 0.014219576719576719
0 0.7740575396825397 0.26951058201058203 0.009672619047619048 0.012896825396825396
0 0.7785218253968254 0.41964285714285715 0.012648809523809524 0.01455026455026455
0 0.7785218253968254 0.919973544973545 0.014136904761904762 0.016865079365079364
0 0.7814980158730159 0.4289021164021164 0.012896825396825396 0.017857142857142856
0 0.7867063492063492 0.031084656084656083 0.003968253968253968 0.006613756613756613
0 0.7879464285714286 0.3177910052910053 0.009176587301587302 0.011243386243386243
0 0.7896825396825397 0.955026455026455 0.012152777777777778 0.01521164021164021
0 0.7943948412698413 0.8273809523809523 0.011408730158730158 0.015873015873015872
0 0.7973710317460317 0.414021164021164 0.014384920634920634 0.017526455026455025
0 0.7993551587301587 0.7754629629629629 0.011408730158730158 0.011243386243386243
0 0.8000992063492064 0.7443783068783069 0.013888888888888888 0.016203703703703703
0 0.8048115079365079 0.6084656084656085 0.008432539682539682 0.012235449735449735
0 0.808531746031746 0.17328042328042328 0.008680555555555556 0.006283068783068783
0 0.8092757936507936 0.8184523809523809 0.011656746031746032 0.015542328042328041
0 0.8100198412698413 0.7404100529100529 0.013888888888888888 0.016534391534391533
0 0.8127480158730159 0.2791005291005291 0.010912698412698412 0.013558201058201057
0 0.8139880952380952 0.7962962962962963 0.01240079365079365 0.016865079365079364
0 0.8159722222222222 0.6130952380952381 0.010416666666666666 0.01455026455026455
0 0.8187003968253969 0.7691798941798942 0.011408730158730158 0.01521164021164021
0 0.8209325396825397 0.19973544973544974 0.008680555555555556 0.016203703703703703
0 0.8214285714285714 0.6474867724867724 0.010416666666666666 0.013888888888888888
0 0.8244047619047619 0.6117724867724867 0.007936507936507936 0.008597883597883597
0 0.8253968253968254 0.8766534391534392 0.010168650793650794 0.016203703703703703
0 0.8278769841269841 0.22850529100529102 0.00992063492063492 0.013227513227513227
0 0.8288690476190477 0.7701719576719577 0.010168650793650794 0.017526455026455025
0 0.8291170634920635 0.23644179894179895 0.008432539682539682 0.010912698412698412
0 0.8303571428571429 0.7632275132275133 0.006696428571428571 0.007936507936507936
0 0.8323412698412699 0.2490079365079365 0.009176587301587302 0.013227513227513227
0 0.8345734126984127 0.8521825396825397 0.009176587301587302 0.010912698412698412
0 0.839781746031746 0.4732142857142857 0.016617063492063492 0.025793650793650792
0 0.841765873015873 0.7589285714285714 0.013392857142857142 0.015542328042328041
0 0.8444940476190477 0.2923280423280423 0.012648809523809524 0.012566137566137565
0 0.8462301587301587 0.8386243386243386 0.010912698412698412 0.01521164021164021
0 0.8462301587301587 0.8740079365079365 0.007936507936507936 0.010582010582010581
0 0.8482142857142857 0.6977513227513228 0.006944444444444444 0.008597883597883597
0 0.8489583333333334 0.6729497354497355 0.010416666666666666 0.015873015873015872
0 0.8514384920634921 0.7873677248677249 0.011408730158730158 0.016203703703703703
0 0.8516865079365079 0.37433862433862436 0.013392857142857142 0.017857142857142856
0 0.8559027777777778 0.8687169312169312 0.009424603174603174 0.012896825396825396
0 0.8596230158730159 0.4732142857142857 0.010168650793650794 0.017195767195767195
0 0.8608630952380952 0.16071428571428573 0.011160714285714286 0.016865079365079364
0 0.8650793650793651 0.21263227513227514 0.006448412698412698 0.007936507936507936
0 0.8675595238095238 0.1775793650793651 0.01066468253968254 0.010582010582010581
0 0.8678075396825397 0.16865079365079366 0.011160714285714286 0.015542328042328041
0 0.8680555555555556 0.42427248677248675 0.01066468253968254 0.012235449735449735
0 0.8690476190476191 0.45535714285714285 0.015376984126984126 0.02017195767195767
0 0.8784722222222222 0.6683201058201058 0.011408730158730158 0.016203703703703703
0 0.8841765873015873 0.5072751322751323 0.018849206349206348 0.02414021164021164
0 0.8861607142857143 0.8296957671957672 0.010912698412698412 0.01488095238095238
0 0.8928571428571429 0.17956349206349206 0.006448412698412698 0.013888888888888888
0 0.8975694444444444 0.17328042328042328 0.006200396825396825 0.010912698412698412
0 0.8980654761904762 0.18683862433862433 0.011408730158730158 0.015873015873015872
0 0.8983134920634921 0.6974206349206349 0.011904761904761904 0.010912698412698412
0 0.9032738095238095 0.6808862433862434 0.011160714285714286 0.013227513227513227
0 0.9045138888888888 0.5171957671957672 0.019345238095238096 0.026124338624338623
0 0.9084821428571429 0.1775793650793651 0.010168650793650794 0.016203703703703703
0 0.9089781746031746 0.5720899470899471 0.017609126984126984 0.01521164021164021
0 0.9097222222222222 0.8654100529100529 0.007688492063492063 0.014219576719576719
0 0.9109623015873016 0.6732804232804233 0.007688492063492063 0.014219576719576719
0 0.9154265873015873 0.8505291005291006 0.011408730158730158 0.016203703703703703
0 0.9161706349206349 0.9249338624338624 0.013392857142857142 0.01951058201058201
0 0.9174107142857143 0.669973544973545 0.010168650793650794 0.01455026455026455
0 0.9201388888888888 0.21626984126984128 0.008680555555555556 0.015873015873015872
0 0.9206349206349206 0.3425925925925926 0.00818452380952381 0.01455026455026455
0 0.9275793650793651 0.2123015873015873 0.012152777777777778 0.016203703703703703
0 0.9342757936507936 0.9401455026455027 0.012896825396825396 0.015873015873015872
0 0.9345238095238095 0.45205026455026454 0.009176587301587302 0.011904761904761904
0 0.9367559523809523 0.21858465608465608 0.011160714285714286 0.016865079365079364
0 0.9407242063492064 0.5674603174603174 0.008432539682539682 0.011904761904761904
0 0.9508928571428571 0.6312830687830688 0.020089285714285716 0.02447089947089947
0 0.9561011904761905 0.9189814814814815 0.013888888888888888 0.016203703703703703
0 0.9580853174603174 0.9761904761904762 0.01240079365079365 0.017195767195767195
0 0.9608134920634921 0.12037037037037036 0.009176587301587302 0.013558201058201057
0 0.9615575396825397 0.8035714285714286 0.006696428571428571 0.008597883597883597
0 0.9675099206349206 0.046957671957671955 0.011408730158730158 0.006613756613756613
0 0.9677579365079365 0.13525132275132276 0.009672619047619048 0.01455026455026455
0 0.9680059523809523 0.9560185185185185 0.009176587301587302 0.01917989417989418
0 0.9724702380952381 0.040674603174603176 0.011408730158730158 0.017195767195767195
0 0.9732142857142857 0.1822089947089947 0.011160714285714286 0.016534391534391533
0 0.9756944444444444 0.1974206349206349 0.013392857142857142 0.016534391534391533
0 0.9784226190476191 0.3148148148148148 0.010168650793650794 0.013888888888888888
0 0.9813988095238095 0.5496031746031746 0.017857142857142856 0.023148148148148147
0 0.9836309523809523 0.294973544973545 0.011904761904761904 0.016203703703703703
0 0.9898313492063492 0.40244708994708994 0.011904761904761904 0.016534391534391533
0 0.9913194444444444 0.3845899470899471 0.012648809523809524 0.01488095238095238
0 0.9930555555555556 0.19378306878306878 0.012896825396825396 0.01488095238095238
0 0.9937996031746031 0.5419973544973545 0.011904761904761904 0.018849206349206348
0 0.9952876984126984 0.43882275132275134 0.008928571428571428 0.014219576719576719
