0 0.015076754385964912 0.1615497076023392 0.006030701754385965 0.005847953216374269
0 0.015350877192982455 0.1527777777777778 0.00356359649122807 0.0043859649122807015
0 0.02055921052631579 0.22514619883040934 0.00356359649122807 0.00402046783625731
0 0.021107456140350877 0.1611842105263158 0.006304824561403508 0.0062134502923976605
0 0.04111842105263158 0.06396198830409357 0.004111842105263158 0.005482456140350877
0 0.04111842105263158 0.09539473684210527 0.00356359649122807 0.005116959064327485
0 0.04358552631578947 0.10051169590643275 0.003289473684210526 0.004751461988304093
0 0.04523026315789474 0.09247076023391813 0.00356359649122807 0.00402046783625731
0 0.04824561403508772 0.1736111111111111 0.004660087719298245 0.005116959064327485
0 0.05098684210526316 0.1388888888888889 0.003837719298245614 0.005482456140350877
0 0.05235745614035088 0.17288011695906433 0.00356359649122807 0.006578947368421052
0 0.05619517543859649 0.17434210526315788 0.004111842105263158 0.005847953216374269
0 0.0668859649122807 0.2364766081871345 0.0027412280701754384 0.00804093567251462
0 0.06716008771929824 0.0712719298245614 0.003837719298245614 0.005116959064327485
0 0.07099780701754387 0.23135964912280702 0.003837719298245614 0.005116959064327485
0 0.0712719298245614 0.2573099415204678 0.003837719298245614 0.005847953216374269
0 0.07182017543859649 0.43640350877192985 0.004934210526315789 0.00804093567251462
0 0.07209429824561403 0.15716374269005848 0.0043859649122807015 0.007309941520467836
0 0.07538377192982457 0.42543859649122806 0.006853070175438596 0.00804093567251462
0 0.0756578947368421 0.14437134502923976 0.0043859649122807015 0.006578947368421052
0 0.07593201754385964 0.23903508771929824 0.0030153508771929823 0.005847953216374269
0 0.07648026315789473 0.24561403508771928 0.0030153508771929823 0.005116959064327485
0 0.07839912280701754 0.22843567251461988 0.004111842105263158 0.0062134502923976605
0 0.08141447368421052 0.07309941520467836 0.006853070175438596 0.007675438596491228
0 0.08360745614035088 0.14546783625730994 0.0043859649122807015 0.006578947368421052
0 0.08442982456140351 0.23464912280701755 0.0030153508771929823 0.0043859649122807015
0 0.08470394736842106 0.24195906432748537 0.0043859649122807015 0.005847953216374269
0 0.08799342105263158 0.1337719298245614 0.004934210526315789 0.00804093567251462
0 0.09210526315789473 0.2240497076023392 0.003289473684210526 0.005847953216374269
0 0.09649122807017543 0.03252923976608187 0.005756578947368421 0.01023391812865497
0 0.09895833333333333 0.19334795321637427 0.0043859649122807015 0.007309941520467836
0 0.10032894736842106 0.03216374269005848 0.005208333333333333 0.008771929824561403
0 0.10855263157894737 0.02850877192982456 0.006578947368421052 0.010964912280701754
0 0.109375 0.11951754385964912 0.006030701754385965 0.009137426900584795
0 0.10964912280701754 0.1703216374269006 0.004111842105263158 0.006578947368421052
0 0.1137609649122807 0.014619883040935672 0.0043859649122807015 0.005847953216374269
0 0.125 0.13157894736842105 0.003837719298245614 0.005116959064327485
0 0.125 0.2986111111111111 0.0043859649122807015 0.004751461988304093
0 0.12554824561403508 0.011695906432748537 0.005756578947368421 0.00804093567251462
0 0.1269188596491228 0.019736842105263157 0.004660087719298245 0.006944444444444444
0 0.12856359649122806 0.15752923976608188 0.004934210526315789 0.006578947368421052
0 0.13432017543859648 0.18055555555555555 0.005756578947368421 0.008771929824561403
0 0.14089912280701755 0.1070906432748538 0.0043859649122807015 0.006578947368421052
0 0.14226973684210525 0.046052631578947366 0.0043859649122807015 0.007309941520467836
0 0.14692982456140352 0.1388888888888889 0.005208333333333333 0.00804093567251462
0 0.14720394736842105 0.01425438596491228 0.0043859649122807015 0.00804093567251462
0 0.14720394736842105 0.12646198830409358 0.004660087719298245 0.006578947368421052
0 0.14857456140350878 0.18128654970760233 0.006578947368421052 0.01023391812865497
0 0.15213815789473684 0.25584795321637427 0.004660087719298245 0.008771929824561403
0 0.1600877192982456 0.25255847953216376 0.005482456140350877 0.008406432748538011
0 0.16282894736842105 0.12390350877192982 0.004660087719298245 0.007309941520467836
0 0.16639254385964913 0.23866959064327486 0.0043859649122807015 0.006578947368421052
0 0.16858552631578946 0.15314327485380116 0.004934210526315789 0.0062134502923976605
0 0.18009868421052633 0.11330409356725146 0.004934210526315789 0.0062134502923976605
0 0.18119517543859648 0.13706140350877194 0.003837719298245614 0.005847953216374269
0 0.1924342105263158 0.019005847953216373 0.0030153508771929823 0.003289473684210526
0 0.19298245614035087 0.0266812865497076 0.005208333333333333 0.007309941520467836
0 0.19462719298245615 0.1388888888888889 0.005208333333333333 0.009502923976608187
0 0.19791666666666666 0.13084795321637427 0.003837719298245614 0.00402046783625731
0 0.20175438596491227 0.14510233918128654 0.0043859649122807015 0.005847953216374269
0 0.21025219298245615 0.08442982456140351 0.00356359649122807 0.005116959064327485
0 0.21463815789473684 0.13815789473684212 0.005756578947368421 0.008771929824561403
0 0.21984649122807018 0.10855263157894737 0.005756578947368421 0.008771929824561403
0 0.22724780701754385 0.07894736842105263 0.003837719298245614 0.005482456140350877
0 0.29194078947368424 0.1608187134502924 0.005208333333333333 0.006578947368421052
0 0.2963267543859649 0.16045321637426901 0.0043859649122807015 0.007309941520467836
0 0.3034539473684211 0.6239035087719298 0.008223684210526315 0.013157894736842105
0 0.3111293859649123 0.03070175438596491 0.005756578947368421 0.008771929824561403
0 0.32648026315789475 0.195906432748538 0.004111842105263158 0.005847953216374269
0 0.34347587719298245 0.22843567251461988 0.004660087719298245 0.007309941520467836
0 0.3599232456140351 0.12207602339181287 0.004660087719298245 0.007309941520467836
0 0.36101973684210525 0.16264619883040934 0.0043859649122807015 0.008406432748538011
0 0.39528508771929827 0.17616959064327486 0.004111842105263158 0.007309941520467836
0 0.43283991228070173 0.11732456140350878 0.0043859649122807015 0.007309941520467836
0 0.43722587719298245 0.11586257309941521 0.004660087719298245 0.006578947368421052
0 0.47971491228070173 0.2543859649122807 0.006578947368421052 0.009502923976608187
0 0.4799890350877193 0.23135964912280702 0.005208333333333333 0.005116959064327485
0 0.4810855263157895 0.28764619883040937 0.004934210526315789 0.00402046783625731
0 0.48793859649122806 0.22478070175438597 0.006304824561403508 0.007309941520467836
0 0.4925986842105263 0.21966374269005848 0.004934210526315789 0.006578947368421052
0 0.4967105263157895 0.21747076023391812 0.00712719298245614 0.01023391812865497
0 0.5208333333333334 0.25146198830409355 0.006030701754385965 0.01023391812865497
0 0.5274122807017544 0.24378654970760233 0.0021929824561403508 0.005116959064327485
0 0.5337171052631579 0.43238304093567254 0.004660087719298245 0.006578947368421052
0 0.5487938596491229 0.13596491228070176 0.006304824561403508 0.009502923976608187
0 0.549890350877193 0.08735380116959064 0.004660087719298245 0.007309941520467836
0 0.5531798245614035 0.14985380116959066 0.005756578947368421 0.01023391812865497
0 0.5644188596491229 0.25877192982456143 0.004934210526315789 0.00804093567251462
0 0.5688048245614035 0.5394736842105263 0.007401315789473684 0.012426900584795321
0 0.5789473684210527 0.125 0.006304824561403508 0.007309941520467836
0 0.5855263157894737 0.12646198830409358 0.006578947368421052 0.009502923976608187
0 0.6080043859649122 0.061769005847953216 0.0043859649122807015 0.00804093567251462
0 0.615953947368421 0.10489766081871345 0.006578947368421052 0.01023391812865497
0 0.6195175438596491 0.15497076023391812 0.00356359649122807 0.005847953216374269
0 0.6233552631578947 0.7017543859649122 0.005482456140350877 0.005482456140350877
0 0.6356907894736842 0.29678362573099415 0.006030701754385965 0.009502923976608187
0 0.6403508771929824 0.29385964912280704 0.006030701754385965 0.008771929824561403
0 0.6422697368421053 0.589546783625731 0.006304824561403508 0.009502923976608187
0 0.6425438596491229 0.6118421052631579 0.005208333333333333 0.006578947368421052
0 0.6450109649122807 0.038011695906432746 0.006578947368421052 0.00804093567251462
0 0.6466557017543859 0.34612573099415206 0.006030701754385965 0.007309941520467836
0 0.6513157894736842 0.5281432748538012 0.006853070175438596 0.008771929824561403
0 0.6518640350877193 0.6107456140350878 0.006578947368421052 0.010964912280701754
0 0.653234649122807 0.8366228070175439 0.005756578947368421 0.008771929824561403
0 0.6587171052631579 0.28252923976608185 0.005208333333333333 0.007675438596491228
0 0.6663925438596491 0.26608187134502925 0.005208333333333333 0.00804093567251462
0 0.6699561403508771 0.13084795321637427 0.008223684210526315 0.01023391812865497
0 0.6770833333333334 0.5855263157894737 0.006304824561403508 0.009502923976608187
0 0.6833881578947368 0.3830409356725146 0.004660087719298245 0.007309941520467836
0 0.6896929824561403 0.3819444444444444 0.005756578947368421 0.008771929824561403
0 0.6929824561403509 0.7989766081871345 0.006304824561403508 0.008771929824561403
0 0.6981907894736842 0.7993421052631579 0.0043859649122807015 0.005847953216374269
0 0.7053179824561403 0.30116959064327486 0.006030701754385965 0.008771929824561403
0 0.7072368421052632 0.1875 0.004660087719298245 0.007309941520467836
0 0.7108004385964912 0.2993421052631579 0.005482456140350877 0.005482456140350877
0 0.7138157894736842 0.29385964912280704 0.005756578947368421 0.007675438596491228
0 0.7176535087719298 0.2982456140350877 0.005208333333333333 0.009502923976608187
0 0.7203947368421053 0.13304093567251463 0.006578947368421052 0.009502923976608187
0 0.7234100877192983 0.2982456140350877 0.006304824561403508 0.009502923976608187
0 0.75 0.12171052631578948 0.006304824561403508 0.00804093567251462
0 0.7527412280701754 0.6962719298245614 0.0027412280701754384 0.0043859649122807015
0 0.7557565789473685 0.7097953216374269 0.005208333333333333 0.009137426900584795
0 0.7678179824561403 0.04093567251461988 0.008223684210526315 0.011695906432748537
0 0.8168859649122807 0.2543859649122807 0.005756578947368421 0.009502923976608187
0 0.8193530701754386 0.12719298245614036 0.008223684210526315 0.013157894736842105
0 0.8382675438596491 0.18494152046783627 0.007949561403508772 0.010964912280701754
0 0.8385416666666666 0.049707602339181284 0.005756578947368421 0.00804093567251462
0 0.8612938596491229 0.24451754385964913 0.005756578947368421 0.008771929824561403
0 0.8722587719298246 0.07748538011695906 0.0043859649122807015 0.006944444444444444
0 0.878015350877193 0.07090643274853801 0.009594298245614035 0.008771929824561403
0 0.8870614035087719 0.1297514619883041 0.006578947368421052 0.010964912280701754
0 0.9862938596491229 0.09283625730994152 0.007675438596491228 0.010599415204678362
0 0.9936951754385965 0.20065789473684212 0.00712719298245614 0.01023391812865497
