0 0.007401315789473684 0.3622076023391813 0.006578947368421052 0.008771929824561403
0 0.00849780701754386 0.3717105263157895 0.009594298245614035 0.014619883040935672
0 0.03837719298245614 0.6769005847953217 0.008771929824561403 0.012426900584795321
0 0.1137609649122807 0.6377923976608187 0.008223684210526315 0.008771929824561403
0 0.15652412280701755 0.4309210526315789 0.006853070175438596 0.00804093567251462
0 0.17160087719298245 0.4334795321637427 0.00712719298245614 0.011695906432748537
0 0.17982456140350878 0.4375 0.006304824561403508 0.00804093567251462
0 0.18996710526315788 0.4451754385964912 0.008223684210526315 0.00804093567251462
0 0.1962719298245614 0.44261695906432746 0.00932017543859649 0.013157894736842105
0 0.24533991228070176 0.4276315789473684 0.009594298245614035 0.011695906432748537
0 0.28426535087719296 0.43128654970760233 0.006578947368421052 0.00804093567251462
0 0.2850877192982456 0.39035087719298245 0.003837719298245614 0.005116959064327485
0 0.28810307017543857 0.3881578947368421 0.0043859649122807015 0.007309941520467836
0 0.28810307017543857 0.4064327485380117 0.00849780701754386 0.012426900584795321
0 0.2916666666666667 0.4239766081871345 0.00712719298245614 0.011695906432748537
0 0.2944078947368421 0.4163011695906433 0.007401315789473684 0.012426900584795321
0 0.2949561403508772 0.43165204678362573 0.008771929824561403 0.013157894736842105
0 0.30098684210526316 0.4152046783625731 0.005208333333333333 0.010599415204678362
0 0.31030701754385964 0.48135964912280704 0.009046052631578948 0.012426900584795321
0 0.3111293859649123 0.38121345029239767 0.005208333333333333 0.0062134502923976605
0 0.3237390350877193 0.5259502923976608 0.005208333333333333 0.01023391812865497
0 0.32510964912280704 0.54203216374269 0.008771929824561403 0.011695906432748537
0 0.32648026315789475 0.241593567251462 0.007401315789473684 0.01023391812865497
0 0.33278508771929827 0.24013157894736842 0.006030701754385965 0.008771929824561403
0 0.34265350877192985 0.5179093567251462 0.005208333333333333 0.009137426900584795
0 0.3503289473684211 0.2953216374269006 0.008771929824561403 0.013523391812865496
0 0.3511513157894737 0.5317982456140351 0.006853070175438596 0.006578947368421052
0 0.35389254385964913 0.5222953216374269 0.005756578947368421 0.009502923976608187
0 0.3549890350877193 0.9630847953216374 0.004934210526315789 0.008771929824561403
0 0.35827850877192985 0.7828947368421053 0.007401315789473684 0.01023391812865497
0 0.35855263157894735 0.29678362573099415 0.007401315789473684 0.010964912280701754
0 0.37719298245614036 0.7668128654970761 0.00712719298245614 0.011695906432748537
0 0.3793859649122807 0.8092105263157895 0.006578947368421052 0.00804093567251462
0 0.3824013157894737 0.9473684210526315 0.006030701754385965 0.011695906432748537
0 0.3843201754385965 0.5581140350877193 0.003837719298245614 0.005482456140350877
0 0.40926535087719296 0.5347222222222222 0.006578947368421052 0.010964912280701754
0 0.4106359649122807 0.5413011695906432 0.007949561403508772 0.00804093567251462
0 0.41310307017543857 0.7905701754385965 0.006578947368421052 0.010599415204678362
0 0.4139254385964912 0.9952485380116959 0.006304824561403508 0.008771929824561403
0 0.41639254385964913 0.8234649122807017 0.0043859649122807015 0.006578947368421052
0 0.4213267543859649 0.4656432748538012 0.007401315789473684 0.013523391812865496
0 0.42489035087719296 0.7872807017543859 0.00712719298245614 0.012426900584795321
0 0.4309210526315789 0.7324561403508771 0.005208333333333333 0.00804093567251462
0 0.4336622807017544 0.8114035087719298 0.008223684210526315 0.012426900584795321
0 0.43640350877192985 0.4791666666666667 0.008223684210526315 0.012426900584795321
0 0.43667763157894735 0.7861842105263158 0.006304824561403508 0.00804093567251462
0 0.43859649122807015 0.7807017543859649 0.00849780701754386 0.011695906432748537
0 0.44051535087719296 0.7997076023391813 0.006578947368421052 0.009502923976608187
0 0.4427083333333333 0.7880116959064327 0.005756578947368421 0.007309941520467836
0 0.4621710526315789 0.7923976608187134 0.004934210526315789 0.00804093567251462
0 0.4643640350877193 0.8084795321637427 0.00712719298245614 0.008771929824561403
0 0.46600877192982454 0.7869152046783626 0.006304824561403508 0.009502923976608187
0 0.46957236842105265 0.8081140350877193 0.004660087719298245 0.009137426900584795
0 0.5043859649122807 0.48866959064327486 0.006853070175438596 0.011695906432748537
0 0.5205592105263158 0.29312865497076024 0.006578947368421052 0.010964912280701754
0 0.565515350877193 0.8771929824561403 0.008223684210526315 0.015350877192982455
0 0.5657894736842105 0.85453216374269 0.00849780701754386 0.01425438596491228
0 0.5808662280701754 0.554093567251462 0.004660087719298245 0.008771929824561403
0 0.5855263157894737 0.5526315789473685 0.007401315789473684 0.013888888888888888
0 0.6195175438596491 0.4828216374269006 0.006578947368421052 0.008771929824561403
0 0.6236293859649122 0.48866959064327486 0.006304824561403508 0.008771929824561403
0 0.6513157894736842 0.6440058479532164 0.006578947368421052 0.009502923976608187
0 0.6521381578947368 0.8932748538011696 0.005756578947368421 0.009502923976608187
