0 0.005482456140350877 0.5474232456140351 0.011330409356725146 0.012335526315789474
0 0.013157894736842105 0.7461622807017544 0.019736842105263157 0.014528508771929825
0 0.016812865497076022 0.8878837719298246 0.021564327485380116 0.01836622807017544
0 0.021198830409356724 0.694078947368421 0.012426900584795321 0.00932017543859649
0 0.021929824561403508 0.6617324561403509 0.01206140350877193 0.007949561403508772
0 0.02887426900584795 0.7450657894736842 0.017543859649122806 0.010964912280701754
0 0.031067251461988302 0.6499451754385965 0.011695906432748537 0.009594298245614035
0 0.031067251461988302 0.6735197368421053 0.01023391812865497 0.007949561403508772
0 0.038011695906432746 0.39610745614035087 0.015350877192982455 0.01343201754385965
0 0.04057017543859649 0.8826754385964912 0.012426900584795321 0.010142543859649123
0 0.04203216374269006 0.6765350877192983 0.010599415204678362 0.008771929824561403
0 0.04276315789473684 0.5408442982456141 0.013888888888888888 0.011787280701754386
0 0.0489766081871345 0.41310307017543857 0.023391812865497075 0.011787280701754386
0 0.05299707602339181 0.774671052631579 0.019736842105263157 0.01425438596491228
0 0.054093567251461985 0.9076206140350878 0.017909356725146198 0.01836622807017544
0 0.0581140350877193 0.5084978070175439 0.01827485380116959 0.013980263157894737
0 0.05847953216374269 0.5320723684210527 0.014619883040935672 0.009868421052631578
0 0.06030701754385965 0.6896929824561403 0.0222953216374269 0.01206140350877193
0 0.062134502923976605 0.2431469298245614 0.01644736842105263 0.011513157894736841
0 0.07273391812865497 0.47286184210526316 0.01206140350877193 0.00932017543859649
0 0.0756578947368421 0.637609649122807 0.010599415204678362 0.00849780701754386
0 0.0763888888888889 0.8755482456140351 0.01023391812865497 0.007949561403508772
0 0.07967836257309942 0.8245614035087719 0.017909356725146198 0.015625
0 0.0847953216374269 0.6367872807017544 0.01023391812865497 0.007401315789473684
0 0.08552631578947369 0.8516995614035088 0.019371345029239765 0.01617324561403509
0 0.08589181286549707 0.662828947368421 0.01644736842105263 0.013157894736842105
0 0.08625730994152046 0.6422697368421053 0.01206140350877193 0.009046052631578948
0 0.08698830409356725 0.24342105263157895 0.019736842105263157 0.01617324561403509
0 0.097953216374269 0.43914473684210525 0.0266812865497076 0.021655701754385966
0 0.09868421052631579 0.5964912280701754 0.009137426900584795 0.006853070175438596
0 0.10160818713450293 0.6595394736842105 0.01608187134502924 0.01343201754385965
0 0.1074561403508772 0.2930372807017544 0.019005847953216373 0.01699561403508772
0 0.10782163742690058 0.5019188596491229 0.017543859649122806 0.013706140350877192
0 0.11257309941520467 0.7993421052631579 0.019005847953216373 0.010142543859649123
0 0.11586257309941521 0.8382675438596491 0.017543859649122806 0.015625
0 0.1301169590643275 0.7379385964912281 0.02046783625730994 0.015625
0 0.13815789473684212 0.5866228070175439 0.013157894736842105 0.01206140350877193
0 0.13925438596491227 0.46381578947368424 0.01206140350877193 0.00849780701754386
0 0.13961988304093567 0.5767543859649122 0.011695906432748537 0.009046052631578948
0 0.14071637426900585 0.5572916666666666 0.021198830409356724 0.011787280701754386
0 0.1476608187134503 0.5773026315789473 0.011330409356725146 0.007949561403508772
0 0.14802631578947367 0.5345394736842105 0.014985380116959063 0.011239035087719298
0 0.14912280701754385 0.48903508771929827 0.020833333333333332 0.014802631578947368
0 0.1524122807017544 0.5646929824561403 0.017909356725146198 0.012609649122807017
0 0.15533625730994152 0.4010416666666667 0.02412280701754386 0.013980263157894737
0 0.1615497076023392 0.3294956140350877 0.010599415204678362 0.011239035087719298
0 0.16374269005847952 0.5200109649122807 0.011330409356725146 0.00932017543859649
0 0.1699561403508772 0.6260964912280702 0.007309941520467836 0.006030701754385965
0 0.17616959064327486 0.6334978070175439 0.0062134502923976605 0.004660087719298245
0 0.1783625730994152 0.3516995614035088 0.011695906432748537 0.007949561403508772
0 0.18128654970760233 0.9684758771929824 0.01425438596491228 0.011239035087719298
0 0.18201754385964913 0.6655701754385965 0.02010233918128655 0.01781798245614035
0 0.1871345029239766 0.8166118421052632 0.019371345029239765 0.01617324561403509
0 0.18823099415204678 0.3086622807017544 0.020833333333333332 0.016721491228070175
0 0.2013888888888889 0.14172149122807018 0.007675438596491228 0.007949561403508772
0 0.20906432748538012 0.3086622807017544 0.01827485380116959 0.01699561403508772
0 0.21783625730994152 0.46655701754385964 0.01425438596491228 0.015625
0 0.21783625730994152 0.5293311403508771 0.004751461988304093 0.003837719298245614
0 0.2189327485380117 0.5797697368421053 0.015716374269005847 0.009594298245614035
0 0.21966374269005848 0.5466008771929824 0.005116959064327485 0.00356359649122807
0 0.22076023391812866 0.8070175438596491 0.019371345029239765 0.015899122807017545
0 0.2364766081871345 0.34265350877192985 0.01206140350877193 0.011787280701754386
0 0.24415204678362573 0.13267543859649122 0.013523391812865496 0.014528508771929825
0 0.24780701754385964 0.3873355263157895 0.012426900584795321 0.011239035087719298
0 0.24926900584795322 0.3374451754385965 0.020833333333333332 0.017269736842105265
0 0.25109649122807015 0.20065789473684212 0.006944444444444444 0.006853070175438596
0 0.25219298245614036 0.3508771929824561 0.021564327485380116 0.01617324561403509
0 0.25511695906432746 0.3204495614035088 0.019736842105263157 0.017543859649122806
0 0.2580409356725146 0.1206140350877193 0.01206140350877193 0.009594298245614035
0 0.25840643274853803 0.5490679824561403 0.009137426900584795 0.010416666666666666
0 0.2635233918128655 0.26206140350877194 0.019005847953216373 0.01617324561403509
0 0.26535087719298245 0.5307017543859649 0.019736842105263157 0.014802631578947368
0 0.26864035087719296 0.11842105263157894 0.011695906432748537 0.00712719298245614
0 0.27046783625730997 0.5797697368421053 0.023026315789473683 0.015076754385964912
0 0.2722953216374269 0.14172149122807018 0.013157894736842105 0.013157894736842105
0 0.2777777777777778 0.7280701754385965 0.013888888888888888 0.011787280701754386
0 0.2810672514619883 0.14199561403508773 0.01206140350877193 0.012335526315789474
0 0.2814327485380117 0.26398026315789475 0.020833333333333332 0.01617324561403509
0 0.28252923976608185 0.5701754385964912 0.009502923976608187 0.010416666666666666
0 0.28362573099415206 0.27850877192982454 0.01644736842105263 0.015076754385964912
0 0.2894736842105263 0.15515350877192982 0.007309941520467836 0.008223684210526315
0 0.29312865497076024 0.26014254385964913 0.01608187134502924 0.01699561403508772
0 0.31030701754385964 0.6828399122807017 0.012426900584795321 0.01069078947368421
0 0.32127192982456143 0.4506578947368421 0.009868421052631578 0.009594298245614035
0 0.32748538011695905 0.6918859649122807 0.02412280701754386 0.017269736842105265
0 0.33296783625730997 0.8253837719298246 0.014619883040935672 0.011513157894736841
0 0.35233918128654973 0.4947916666666667 0.008771929824561403 0.007675438596491228
0 0.3541666666666667 0.6990131578947368 0.020833333333333332 0.013157894736842105
0 0.36988304093567254 0.7450657894736842 0.017178362573099414 0.01425438596491228
0 0.3702485380116959 0.5298793859649122 0.01023391812865497 0.008223684210526315
0 0.3753654970760234 0.13459429824561403 0.011330409356725146 0.012609649122807017
0 0.3885233918128655 0.8813048245614035 0.0222953216374269 0.023300438596491228
0 0.4141081871345029 0.4322916666666667 0.016812865497076022 0.011239035087719298
0 0.42214912280701755 0.9002192982456141 0.01827485380116959 0.014528508771929825
0 0.4228801169590643 0.8072916666666666 0.01827485380116959 0.021655701754385966
0 0.42580409356725146 0.5142543859649122 0.007309941520467836 0.009046052631578948
0 0.427266081871345 0.008771929824561403 0.012426900584795321 0.012609649122807017
0 0.4294590643274854 0.2450657894736842 0.011330409356725146 0.01069078947368421
0 0.4334795321637427 0.5153508771929824 0.010599415204678362 0.007949561403508772
0 0.4367690058479532 0.26918859649122806 0.007675438596491228 0.008223684210526315
0 0.4378654970760234 0.8665021929824561 0.019005847953216373 0.014528508771929825
0 0.4451754385964912 0.5224780701754386 0.016812865497076022 0.015350877192982455
0 0.44627192982456143 0.19873903508771928 0.007309941520467836 0.0030153508771929823
0 0.44883040935672514 0.7453399122807017 0.01827485380116959 0.013157894736842105
0 0.4546783625730994 0.20476973684210525 0.005847953216374269 0.0043859649122807015
0 0.4597953216374269 0.5397478070175439 0.016812865497076022 0.013980263157894737
0 0.4608918128654971 0.878015350877193 0.0222953216374269 0.01781798245614035
0 0.4608918128654971 0.890625 0.013523391812865496 0.009868421052631578
0 0.4608918128654971 0.9558662280701754 0.0266812865497076 0.026041666666666668
0 0.47404970760233917 0.4317434210526316 0.014619883040935672 0.013706140350877192
0 0.47404970760233917 0.5474232456140351 0.01425438596491228 0.01425438596491228
0 0.4777046783625731 0.8686951754385965 0.01864035087719298 0.01699561403508772
0 0.4817251461988304 0.6828399122807017 0.02046783625730994 0.01781798245614035
0 0.489766081871345 0.8788377192982456 0.02850877192982456 0.026041666666666668
0 0.4926900584795322 0.628015350877193 0.01608187134502924 0.014802631578947368
0 0.4926900584795322 0.6822916666666666 0.011695906432748537 0.014802631578947368
0 0.4967105263157895 0.26480263157894735 0.006578947368421052 0.006030701754385965
0 0.5036549707602339 0.8580043859649122 0.023026315789473683 0.017543859649122806
0 0.5135233918128655 0.6414473684210527 0.017543859649122806 0.017543859649122806
0 0.5138888888888888 0.16584429824561403 0.019371345029239765 0.017543859649122806
0 0.5259502923976608 0.7206688596491229 0.017909356725146198 0.01864035087719298
0 0.5263157894736842 0.993421052631579 0.013888888888888888 0.007401315789473684
0 0.5299707602339181 0.581140350877193 0.013888888888888888 0.013980263157894737
0 0.5328947368421053 0.3706140350877193 0.016812865497076022 0.012609649122807017
0 0.5369152046783626 0.4465460526315789 0.019005847953216373 0.01699561403508772
0 0.5380116959064327 0.7146381578947368 0.021198830409356724 0.01617324561403509
0 0.5427631578947368 0.5836074561403509 0.01608187134502924 0.014528508771929825
0 0.5442251461988304 0.27905701754385964 0.014619883040935672 0.01069078947368421
0 0.5442251461988304 0.29002192982456143 0.019371345029239765 0.015350877192982455
0 0.5442251461988304 0.5353618421052632 0.01644736842105263 0.011239035087719298
0 0.547514619883041 0.3495065789473684 0.014985380116959063 0.013706140350877192
0 0.5493421052631579 0.36211622807017546 0.015716374269005847 0.013980263157894737
0 0.5497076023391813 0.5164473684210527 0.017543859649122806 0.015899122807017545
0 0.5533625730994152 0.6647478070175439 0.02010233918128655 0.020285087719298246
0 0.5555555555555556 0.6458333333333334 0.024853801169590642 0.0200109649122807
0 0.5562865497076024 0.5918311403508771 0.017543859649122806 0.01699561403508772
0 0.5570175438596491 0.12171052631578948 0.0062134502923976605 0.005482456140350877
0 0.5570175438596491 0.3500548245614035 0.01023391812865497 0.013157894736842105
0 0.5672514619883041 0.9865679824561403 0.013523391812865496 0.007675438596491228
0 0.5694444444444444 0.2837171052631579 0.017543859649122806 0.01864035087719298
0 0.5730994152046783 0.6052631578947368 0.017178362573099414 0.015076754385964912
0 0.5741959064327485 0.4292763157894737 0.0043859649122807015 0.003837719298245614
0 0.5785818713450293 0.4281798245614035 0.003654970760233918 0.003289473684210526
0 0.5793128654970761 0.9221491228070176 0.009137426900584795 0.004934210526315789
0 0.5796783625730995 0.6466557017543859 0.021198830409356724 0.017269736842105265
0 0.5822368421052632 0.6858552631578947 0.021929824561403508 0.018092105263157895
0 0.5847953216374269 0.5285087719298246 0.02010233918128655 0.016721491228070175
0 0.5855263157894737 0.6143092105263158 0.0222953216374269 0.018914473684210526
0 0.5873538011695907 0.7242324561403509 0.01644736842105263 0.01918859649122807
0 0.5873538011695907 0.8966557017543859 0.01023391812865497 0.006853070175438596
0 0.5884502923976608 0.5764802631578947 0.019736842105263157 0.015899122807017545
0 0.5932017543859649 0.7960526315789473 0.0062134502923976605 0.004111842105263158
0 0.5935672514619883 0.6740679824561403 0.014619883040935672 0.012883771929824562
0 0.5942982456140351 0.4355811403508772 0.009137426900584795 0.009046052631578948
0 0.596125730994152 0.540296052631579 0.017909356725146198 0.014528508771929825
0 0.597953216374269 0.6979166666666666 0.01644736842105263 0.009594298245614035
0 0.6038011695906432 0.6121162280701754 0.021929824561403508 0.01699561403508772
0 0.6056286549707602 0.6480263157894737 0.0222953216374269 0.016721491228070175
0 0.6070906432748538 0.1288377192982456 0.00804093567251462 0.007401315789473684
0 0.6125730994152047 0.4928728070175439 0.019736842105263157 0.01617324561403509
0 0.6246345029239766 0.29577850877192985 0.016812865497076022 0.015350877192982455
0 0.6286549707602339 0.4232456140350877 0.014985380116959063 0.010142543859649123
0 0.6355994152046783 0.712171052631579 0.017178362573099414 0.011787280701754386
0 0.6388888888888888 0.9602521929824561 0.007675438596491228 0.005756578947368421
0 0.6443713450292398 0.3612938596491228 0.016812865497076022 0.015076754385964912
0 0.6465643274853801 0.30180921052631576 0.017178362573099414 0.015350877192982455
0 0.6527777777777778 0.46655701754385964 0.012426900584795321 0.013980263157894737
0 0.6630116959064327 0.46463815789473684 0.011695906432748537 0.006853070175438596
0 0.6684941520467836 0.45394736842105265 0.016812865497076022 0.010416666666666666
0 0.6699561403508771 0.6041666666666666 0.013888888888888888 0.00932017543859649
0 0.6717836257309941 0.5413925438596491 0.015716374269005847 0.014528508771929825
0 0.6721491228070176 0.39939692982456143 0.013523391812865496 0.01069078947368421
0 0.6736111111111112 0.19791666666666666 0.00804093567251462 0.006578947368421052
0 0.6743421052631579 0.35718201754385964 0.013157894736842105 0.013706140350877192
0 0.6761695906432749 0.6140350877192983 0.009502923976608187 0.010416666666666666
0 0.6805555555555556 0.35964912280701755 0.017543859649122806 0.01644736842105263
0 0.6875 0.484375 0.017178362573099414 0.014802631578947368
0 0.6951754385964912 0.6074561403508771 0.015716374269005847 0.01425438596491228
0 0.7017543859649122 0.4764254385964912 0.015716374269005847 0.01206140350877193
0 0.70796783625731 0.22697368421052633 0.009137426900584795 0.006030701754385965
0 0.7090643274853801 0.6107456140350878 0.014619883040935672 0.012335526315789474
0 0.7138157894736842 0.39144736842105265 0.01608187134502924 0.012609649122807017
0 0.7156432748538012 0.6373355263157895 0.01644736842105263 0.01425438596491228
0 0.7302631578947368 0.6345942982456141 0.015350877192982455 0.010416666666666666
0 0.7306286549707602 0.16145833333333334 0.009137426900584795 0.01069078947368421
0 0.7320906432748538 0.4355811403508772 0.012792397660818713 0.012609649122807017
0 0.7357456140350878 0.03728070175438596 0.0043859649122807015 0.0043859649122807015
0 0.7368421052631579 0.4043311403508772 0.010599415204678362 0.01343201754385965
0 0.743421052631579 0.4120065789473684 0.01425438596491228 0.012883771929824562
0 0.743421052631579 0.4284539473684211 0.016812865497076022 0.01425438596491228
0 0.7532894736842105 0.45805921052631576 0.00804093567251462 0.010416666666666666
0 0.7558479532163743 0.36239035087719296 0.012792397660818713 0.006030701754385965
0 0.7635233918128655 0.25 0.007675438596491228 0.01069078947368421
0 0.7642543859649122 0.2236842105263158 0.012426900584795321 0.013706140350877192
0 0.7690058479532164 0.4473684210526316 0.0062134502923976605 0.004111842105263158
0 0.7708333333333334 0.5441337719298246 0.010964912280701754 0.010142543859649123
0 0.7715643274853801 0.15350877192982457 0.010599415204678362 0.008771929824561403
0 0.7777777777777778 0.006853070175438596 0.012426900584795321 0.011787280701754386
0 0.7825292397660819 0.024945175438596492 0.004751461988304093 0.004934210526315789
0 0.7828947368421053 0.540296052631579 0.0222953216374269 0.014802631578947368
0 0.7865497076023392 0.23464912280701755 0.01644736842105263 0.01343201754385965
0 0.7909356725146199 0.42023026315789475 0.006578947368421052 0.006030701754385965
0 0.7949561403508771 0.5699013157894737 0.021929824561403508 0.01781798245614035
0 0.7960526315789473 0.25411184210526316 0.00804093567251462 0.006304824561403508
0 0.7971491228070176 0.5455043859649122 0.021929824561403508 0.01836622807017544
0 0.8004385964912281 0.2590460526315789 0.008771929824561403 0.009046052631578948
0 0.8011695906432749 0.534265350877193 0.02010233918128655 0.010142543859649123
0 0.804093567251462 0.4180372807017544 0.005847953216374269 0.005208333333333333
0 0.8044590643274854 0.3991228070175439 0.009502923976608187 0.006578947368421052
0 0.8139619883040936 0.3363486842105263 0.007675438596491228 0.00932017543859649
0 0.8194444444444444 0.3645833333333333 0.011695906432748537 0.006030701754385965
0 0.8223684210526315 0.3338815789473684 0.009502923976608187 0.006853070175438596
0 0.8347953216374269 0.4144736842105263 0.01608187134502924 0.010964912280701754
0 0.8362573099415205 0.38103070175438597 0.0062134502923976605 0.006853070175438596
0 0.8453947368421053 0.59375 0.025950292397660817 0.013706140350877192
0 0.8541666666666666 0.45394736842105265 0.02631578947368421 0.01918859649122807
0 0.8541666666666666 0.4701206140350877 0.01608187134502924 0.012883771929824562
0 0.8541666666666666 0.571546052631579 0.01644736842105263 0.010416666666666666
0 0.85453216374269 0.5139802631578947 0.021929824561403508 0.01343201754385965
0 0.8574561403508771 0.27631578947368424 0.008406432748538011 0.008223684210526315
0 0.8603801169590644 0.4753289473684211 0.00402046783625731 0.0030153508771929823
0 0.8618421052631579 0.4764254385964912 0.003289473684210526 0.004934210526315789
0 0.8625730994152047 0.48355263157894735 0.009502923976608187 0.00712719298245614
0 0.8658625730994152 0.612390350877193 0.01864035087719298 0.013980263157894737
0 0.8669590643274854 0.5307017543859649 0.02046783625730994 0.01343201754385965
0 0.8673245614035088 0.4909539473684211 0.013888888888888888 0.011239035087719298
0 0.8691520467836257 0.4777960526315789 0.013523391812865496 0.014802631578947368
0 0.8808479532163743 0.43640350877192985 0.02266081871345029 0.017543859649122806
0 0.8808479532163743 0.549890350877193 0.02266081871345029 0.01918859649122807
0 0.893640350877193 0.4194078947368421 0.025950292397660817 0.0200109649122807
0 0.8947368421052632 0.10169956140350878 0.011695906432748537 0.009046052631578948
0 0.9027777777777778 0.5556469298245614 0.025584795321637425 0.019736842105263157
0 0.903874269005848 0.30372807017543857 0.014619883040935672 0.01425438596491228
0 0.9060672514619883 0.5375548245614035 0.015716374269005847 0.006578947368421052
0 0.9089912280701754 0.4270833333333333 0.023757309941520467 0.01864035087719298
0 0.9137426900584795 0.5904605263157895 0.014985380116959063 0.011787280701754386
0 0.9144736842105263 0.625 0.01608187134502924 0.01206140350877193
0 0.9199561403508771 0.47368421052631576 0.021929824561403508 0.015899122807017545
0 0.9228801169590644 0.2878289473684211 0.01425438596491228 0.007949561403508772
0 0.9247076023391813 0.6096491228070176 0.011330409356725146 0.009046052631578948
0 0.9258040935672515 0.6170504385964912 0.013888888888888888 0.009594298245614035
0 0.9294590643274854 0.4544956140350877 0.021929824561403508 0.013980263157894737
0 0.9418859649122807 0.4369517543859649 0.01644736842105263 0.013706140350877192
0 0.9565058479532164 0.5134320175438597 0.01608187134502924 0.009594298245614035
0 0.9667397660818714 0.5293311403508771 0.02010233918128655 0.012335526315789474
0 0.9879385964912281 0.40652412280701755 0.010964912280701754 0.007401315789473684
