0 0.012609649122807017 0.7701023391812866 0.006853070175438596 0.009502923976608187
0 0.01343201754385965 0.7832602339181286 0.01069078947368421 0.013888888888888888
0 0.022478070175438597 0.8055555555555556 0.009046052631578948 0.012426900584795321
0 0.02549342105263158 0.8146929824561403 0.007949561403508772 0.01023391812865497
0 0.05975877192982456 0.7934941520467836 0.010416666666666666 0.014619883040935672
0 0.0825109649122807 0.5281432748538012 0.006578947368421052 0.00804093567251462
0 0.0868969298245614 0.5818713450292398 0.006578947368421052 0.009502923976608187
0 0.08717105263157894 0.5314327485380117 0.006578947368421052 0.008771929824561403
0 0.09484649122807018 0.5160818713450293 0.004934210526315789 0.00804093567251462
0 0.13980263157894737 0.6337719298245614 0.00712719298245614 0.011695906432748537
0 0.1806469298245614 0.7437865497076024 0.00712719298245614 0.008771929824561403
0 0.18640350877192982 0.741593567251462 0.006853070175438596 0.008771929824561403
0 0.1962719298245614 0.5365497076023392 0.00849780701754386 0.009502923976608187
0 0.19983552631578946 0.4440789473684211 0.007949561403508772 0.013888888888888888
0 0.20586622807017543 0.4470029239766082 0.008771929824561403 0.012426900584795321
0 0.21436403508771928 0.5127923976608187 0.009046052631578948 0.010964912280701754
0 0.21737938596491227 0.5946637426900585 0.007949561403508772 0.010964912280701754
0 0.21765350877192982 0.45285087719298245 0.008771929824561403 0.013157894736842105
0 0.21847587719298245 0.6034356725146199 0.005756578947368421 0.006578947368421052
0 0.22012061403508773 0.7569444444444444 0.006578947368421052 0.008771929824561403
0 0.22231359649122806 0.5423976608187134 0.006304824561403508 0.008771929824561403
0 0.22697368421052633 0.47953216374269003 0.008223684210526315 0.012426900584795321
0 0.22807017543859648 0.8121345029239766 0.007949561403508772 0.011695906432748537
0 0.22861842105263158 0.5398391812865497 0.00712719298245614 0.008771929824561403
0 0.22998903508771928 0.5997807017543859 0.006304824561403508 0.011695906432748537
0 0.234375 0.8505116959064327 0.010416666666666666 0.014619883040935672
0 0.23464912280701755 0.49890350877192985 0.010964912280701754 0.013157894736842105
0 0.23903508771929824 0.58296783625731 0.007949561403508772 0.012426900584795321
0 0.2393092105263158 0.5076754385964912 0.009594298245614035 0.010964912280701754
0 0.2393092105263158 0.5983187134502924 0.00932017543859649 0.010964912280701754
0 0.24067982456140352 0.49159356725146197 0.011513157894736841 0.013888888888888888
0 0.24342105263157895 0.5007309941520468 0.009046052631578948 0.01023391812865497
0 0.24671052631578946 0.472953216374269 0.00712719298245614 0.01023391812865497
0 0.24671052631578946 0.5975877192982456 0.005756578947368421 0.008406432748538011
0 0.24698464912280702 0.5924707602339181 0.008223684210526315 0.008771929824561403
0 0.25164473684210525 0.4963450292397661 0.007949561403508772 0.010964912280701754
0 0.25301535087719296 0.8527046783625731 0.008771929824561403 0.013888888888888888
0 0.2532894736842105 0.5259502923976608 0.00932017543859649 0.011695906432748537
0 0.25877192982456143 0.472953216374269 0.008771929824561403 0.01023391812865497
0 0.26151315789473684 0.5402046783625731 0.006853070175438596 0.008771929824561403
0 0.2617872807017544 0.6136695906432749 0.006304824561403508 0.008771929824561403
0 0.26864035087719296 0.6330409356725146 0.006578947368421052 0.008771929824561403
0 0.2694627192982456 0.54203216374269 0.008771929824561403 0.008771929824561403
0 0.2700109649122807 0.547514619883041 0.006304824561403508 0.006578947368421052
0 0.27165570175438597 0.685672514619883 0.006578947368421052 0.009502923976608187
0 0.28591008771929827 0.6900584795321637 0.004660087719298245 0.006578947368421052
0 0.2875548245614035 0.6673976608187134 0.006578947368421052 0.008771929824561403
0 0.29139254385964913 0.6710526315789473 0.005208333333333333 0.007309941520467836
0 0.2924890350877193 0.6885964912280702 0.006853070175438596 0.008771929824561403
0 0.2944078947368421 0.6951754385964912 0.007949561403508772 0.01023391812865497
0 0.30646929824561403 0.6776315789473685 0.006578947368421052 0.01023391812865497
0 0.3333333333333333 0.5891812865497076 0.006853070175438596 0.012426900584795321
0 0.34073464912280704 0.37317251461988304 0.006304824561403508 0.009502923976608187
0 0.34347587719298245 0.4382309941520468 0.008223684210526315 0.01206140350877193
0 0.34347587719298245 0.8903508771929824 0.006853070175438596 0.009502923976608187
0 0.3470394736842105 0.5285087719298246 0.006578947368421052 0.011695906432748537
0 0.3470394736842105 0.8797514619883041 0.00712719298245614 0.013523391812865496
0 0.34786184210526316 0.7638888888888888 0.006030701754385965 0.010964912280701754
0 0.3481359649122807 0.7430555555555556 0.005208333333333333 0.008771929824561403
0 0.34868421052631576 0.7072368421052632 0.004111842105263158 0.007309941520467836
0 0.35060307017543857 0.8092105263157895 0.005482456140350877 0.010964912280701754
0 0.3511513157894737 0.8848684210526315 0.00712719298245614 0.011695906432748537
0 0.35252192982456143 0.5394736842105263 0.006304824561403508 0.010964912280701754
0 0.3530701754385965 0.7320906432748538 0.004660087719298245 0.012426900584795321
0 0.3541666666666667 0.5036549707602339 0.006578947368421052 0.01023391812865497
0 0.3555372807017544 0.7902046783625731 0.006304824561403508 0.009502923976608187
0 0.3569078947368421 0.7218567251461988 0.004660087719298245 0.005847953216374269
0 0.3588267543859649 0.731359649122807 0.007401315789473684 0.012426900584795321
0 0.359375 0.5226608187134503 0.004660087719298245 0.006578947368421052
0 0.35964912280701755 0.5021929824561403 0.006030701754385965 0.01023391812865497
0 0.3607456140350877 0.7690058479532164 0.008223684210526315 0.011695906432748537
0 0.3670504385964912 0.5175438596491229 0.00932017543859649 0.011695906432748537
0 0.36896929824561403 0.5175438596491229 0.006304824561403508 0.011695906432748537
0 0.37006578947368424 0.7616959064327485 0.0043859649122807015 0.005847953216374269
0 0.3788377192982456 0.5226608187134503 0.008223684210526315 0.012426900584795321
0 0.38569078947368424 0.49122807017543857 0.006304824561403508 0.009502923976608187
0 0.38760964912280704 0.5434941520467836 0.005756578947368421 0.006578947368421052
0 0.38952850877192985 0.5299707602339181 0.008223684210526315 0.009502923976608187
0 0.38980263157894735 0.5314327485380117 0.008771929824561403 0.011695906432748537
0 0.3911732456140351 0.547514619883041 0.008771929824561403 0.011695906432748537
0 0.39528508771929827 0.5168128654970761 0.005756578947368421 0.012426900584795321
0 0.39665570175438597 0.5153508771929824 0.00849780701754386 0.013888888888888888
0 0.40131578947368424 0.5109649122807017 0.009594298245614035 0.014619883040935672
0 0.4125548245614035 0.5135233918128655 0.00712719298245614 0.005482456140350877
0 0.4237938596491228 0.24744152046783627 0.007401315789473684 0.011695906432748537
0 0.43914473684210525 0.2642543859649123 0.0043859649122807015 0.0062134502923976605
0 0.47231359649122806 0.43969298245614036 0.004934210526315789 0.005847953216374269
0 0.4753289473684211 0.25292397660818716 0.003837719298245614 0.006578947368421052
0 0.4766995614035088 0.24342105263157895 0.004111842105263158 0.005116959064327485
0 0.48135964912280704 0.2503654970760234 0.005756578947368421 0.009502923976608187
0 0.4882127192982456 0.2598684210526316 0.005756578947368421 0.005847953216374269
0 0.4967105263157895 0.3026315789473684 0.005482456140350877 0.008771929824561403
0 0.5046600877192983 0.8921783625730995 0.006030701754385965 0.010964912280701754
0 0.5074013157894737 0.9418859649122807 0.00932017543859649 0.013157894736842105
0 0.5115131578947368 0.4203216374269006 0.00712719298245614 0.012426900584795321
0 0.5131578947368421 0.9502923976608187 0.009046052631578948 0.012426900584795321
0 0.5145285087719298 0.8746345029239766 0.006578947368421052 0.013157894736842105
0 0.5189144736842105 0.38706140350877194 0.00932017543859649 0.01023391812865497
0 0.5205592105263158 0.30701754385964913 0.007401315789473684 0.01023391812865497
0 0.5274122807017544 0.2989766081871345 0.006578947368421052 0.008771929824561403
0 0.5326206140350878 0.322733918128655 0.006304824561403508 0.008771929824561403
0 0.5348135964912281 0.2997076023391813 0.006578947368421052 0.00804093567251462
0 0.5400219298245614 0.44992690058479534 0.009594298245614035 0.013157894736842105
0 0.5496162280701754 0.34978070175438597 0.006304824561403508 0.006578947368421052
0 0.5504385964912281 0.358187134502924 0.006853070175438596 0.009502923976608187
0 0.5537280701754386 0.4016812865497076 0.007949561403508772 0.013157894736842105
0 0.5556469298245614 0.35489766081871343 0.008771929824561403 0.012426900584795321
0 0.5666118421052632 0.9733187134502924 0.008223684210526315 0.014619883040935672
0 0.5674342105263158 0.427266081871345 0.007675438596491228 0.007675438596491228
0 0.5685307017543859 0.4828216374269006 0.006578947368421052 0.012426900584795321
0 0.5720942982456141 0.4144736842105263 0.00849780701754386 0.011695906432748537
0 0.5731907894736842 0.3819444444444444 0.008771929824561403 0.010964912280701754
0 0.5926535087719298 0.30116959064327486 0.006578947368421052 0.008771929824561403
0 0.5959429824561403 0.4605263157894737 0.007401315789473684 0.009868421052631578
0 0.609375 0.32492690058479534 0.006304824561403508 0.005847953216374269
0 0.6266447368421053 0.3088450292397661 0.005482456140350877 0.009137426900584795
0 0.665296052631579 0.8764619883040936 0.00712719298245614 0.010964912280701754
0 0.6757127192982456 0.8720760233918129 0.006304824561403508 0.009502923976608187
