0 0.5572687224669604 0.342385873015873 0.015418502202643172 0.008184444444444444
0 0.5680066960352423 0.35900301587301586 0.024779559471365637 0.013144761904761904
0 0.5817730396475771 0.3392857142857143 0.024779559471365637 0.011904761904761904
0 0.833425013215859 0.3602430158730159 0.02367844933920705 0.010168571428571428
0 0.8383809471365639 0.35367063492063494 0.02147571365638767 0.009424603174603174
0 0.9036342246696035 0.35887888888888886 0.022026471365638768 0.008928571428571428
0 0.9091409162995595 0.36433523809523805 0.018722515418502207 0.010912698412698412
0 0.9212555198237885 0.34052587301587306 0.022026471365638768 0.010912698412698412
0 0.9295154096916299 0.3323412698412698 0.019823735682819383 0.009424603174603174
0 0.9598017709251101 0.34188984126984123 0.020925251101321585 0.010168571428571428
0 0.9826540837004405 0.3567707936507936 0.022577229074889873 0.010664603174603174
