0 0.60054 0.08451 0.00414 0.00506
0 0.60529 0.11052 0.00432 0.00645
0 0.60943 0.17661 0.00293 0.00599
0 0.59147 0.20815 0.00328 0.00460
0 0.59441 0.21207 0.00293 0.00460
0 0.55435 0.24384 0.00259 0.00414
0 0.47724 0.37302 0.00449 0.00645
0 0.60094 0.33427 0.00337 0.00571
0 0.53204 0.38333 0.00467 0.00623
0 0.52328 0.38705 0.00402 0.00536
0 0.52036 0.38895 0.00337 0.00502
0 0.50615 0.37640 0.00376 0.00519
0 0.50466 0.31957 0.00311 0.00328
0 0.47624 0.38359 0.00597 0.00675
0 0.43419 0.39397 0.00415 0.00709
0 0.43900 0.38341 0.00415 0.00571
0 0.39922 0.42130 0.00480 0.00744
0 0.50336 0.40738 0.00493 0.00623
0 0.53813 0.41949 0.00389 0.00588
0 0.53367 0.55806 0.00544 0.00643
0 0.51602 0.57547 0.00498 0.00726
0 0.52014 0.57485 0.00513 0.00601
0 0.50498 0.58791 0.00715 0.00477
0 0.51166 0.58853 0.00404 0.00560
0 0.48525 0.70395 0.00374 0.00617
0 0.49886 0.69873 0.00498 0.00570
0 0.49228 0.71854 0.00463 0.00593
0 0.48694 0.71309 0.00605 0.00641
0 0.47866 0.81108 0.00481 0.00606
0 0.47679 0.82204 0.00481 0.00731
0 0.48550 0.43196 0.00487 0.00649
0 0.48202 0.44597 0.00459 0.00631
0 0.49448 0.44922 0.00418 0.00538
0 0.56880 0.47325 0.00362 0.00594
0 0.56945 0.92620 0.00567 0.00894
0 0.48382 0.92605 0.00509 0.00594
0 0.43406 0.94656 0.00531 0.00736
0 0.39714 0.88262 0.00446 0.00622
0 0.40690 0.89676 0.00361 0.00566
0 0.38695 0.97231 0.00488 0.00679
0 0.77116 0.10214 0.00464 0.00521
0 0.77563 0.11045 0.00257 0.00489
0 0.77953 0.11241 0.00330 0.00424
0 0.78265 0.11249 0.00318 0.00472
0 0.75253 0.12113 0.00428 0.00668
0 0.74856 0.09539 0.00464 0.00570
0 0.71808 0.13945 0.00379 0.00651
0 0.71948 0.12862 0.00342 0.00570
0 0.77227 0.12064 0.00440 0.00733
0 0.81155 0.17774 0.00550 0.00587
0 0.80299 0.17961 0.00550 0.00570
0 0.73211 0.05320 0.00343 0.00534
0 0.70079 0.02252 0.00378 0.00687
0 0.70829 0.02221 0.00389 0.00443
0 0.74739 0.01274 0.00355 0.00473
0 0.70995 0.27569 0.00332 0.00580
0 0.71740 0.26371 0.00309 0.00412
0 0.72117 0.25653 0.00355 0.00443
0 0.67778 0.26256 0.00332 0.00519
0 0.72713 0.36881 0.00492 0.00672
0 0.73566 0.37393 0.00527 0.00626
0 0.84900 0.37995 0.00481 0.00672
0 0.81156 0.26470 0.00458 0.00611
0 0.86068 0.01817 0.00366 0.00428
0 0.86165 0.02221 0.00309 0.00504
0 0.86251 0.01130 0.00389 0.00489
0 0.85661 0.00137 0.00424 0.00275
0 0.83727 0.04786 0.00309 0.00412
0 0.86303 0.05472 0.00401 0.00595
0 0.86509 0.06541 0.00469 0.00504
0 0.85764 0.07526 0.00332 0.00580
0 0.78565 0.16714 0.00414 0.00427
0 0.68535 0.66676 0.01020 0.00985
0 0.98671 0.07959 0.00600 0.00654
0 0.99325 0.13374 0.00563 0.00775
0 0.96790 0.23381 0.00691 0.00678
0 0.97517 0.23526 0.00800 0.00872
0 0.98089 0.23282 0.00446 0.00660
0 0.98516 0.51732 0.00680 0.00695
0 0.96635 0.44298 0.00725 0.00816
