0 0.15206 0.00592 0.00458 0.00610
0 0.22769 0.82732 0.00458 0.00538
0 0.22513 0.81871 0.00431 0.00538
0 0.20898 0.93996 0.00570 0.00515
0 0.27093 0.93151 0.00496 0.00539
0 0.26082 0.92563 0.00460 0.00686
0 0.23499 0.93666 0.00294 0.00490
0 0.23030 0.93335 0.00460 0.00564
0 0.29250 0.87005 0.00456 0.00689
0 0.30412 0.86194 0.00623 0.00729
0 0.29402 0.94724 0.00516 0.00568
0 0.39765 0.11416 0.00426 0.00648
0 0.41056 0.11538 0.00274 0.00568
0 0.42758 0.12338 0.00486 0.00669
0 0.40577 0.37075 0.01018 0.01114
0 0.56714 0.35758 0.00258 0.00304
0 0.59821 0.38655 0.00395 0.00547
0 0.62002 0.39223 0.00349 0.00344
0 0.62875 0.35262 0.00334 0.00446
0 0.63225 0.35991 0.00304 0.00446
0 0.62245 0.23086 0.00714 0.00810
0 0.63240 0.21496 0.00638 0.00871
0 0.53250 0.23035 0.00593 0.00790
0 0.52931 0.22235 0.00593 0.00527
0 0.56197 0.06726 0.00471 0.00831
0 0.40045 0.39030 0.00441 0.00486
0 0.47233 0.35434 0.00562 0.00871
0 0.34181 0.43264 0.00623 0.00689
0 0.33732 0.45311 0.00760 0.00851
0 0.35138 0.43517 0.00805 0.00831
0 0.36893 0.44247 0.00608 0.00750
0 0.44239 0.48552 0.00532 0.00851
0 0.42515 0.46131 0.00547 0.00750
0 0.32894 0.48360 0.00844 0.01013
0 0.43958 0.55449 0.00692 0.00878
0 0.41131 0.83837 0.00506 0.00540
0 0.45409 0.78897 0.00658 0.01328
0 0.34388 0.79415 0.00591 0.00832
0 0.48599 0.84253 0.00894 0.01733
0 0.44726 0.75375 0.00675 0.00990
0 0.52582 0.75893 0.00827 0.01125
0 0.57899 0.58476 0.00456 0.00585
0 0.59131 0.55032 0.00456 0.00450
0 0.60759 0.53997 0.00371 0.00630
0 0.36389 0.89487 0.00618 0.01030
0 0.69177 0.05797 0.00595 0.00879
0 0.71336 0.11964 0.00531 0.00850
0 0.70113 0.17152 0.00425 0.00567
0 0.70964 0.17039 0.00765 0.00794
0 0.71644 0.18101 0.00510 0.01049
0 0.72473 0.17109 0.00425 0.00538
0 0.72983 0.16826 0.00723 0.00765
0 0.72813 0.16202 0.00765 0.00709
0 0.77533 0.16273 0.00425 0.00624
0 0.75716 0.04621 0.00659 0.01021
0 0.85252 0.18626 0.00595 0.00907
0 0.85507 0.20029 0.00553 0.00822
0 0.73536 0.11595 0.00553 0.01021
0 0.74302 0.12361 0.00595 0.01021
0 0.76215 0.05401 0.00638 0.01049
0 0.82711 0.24338 0.00574 0.00879
0 0.85156 0.27981 0.00787 0.00850
0 0.87750 0.25146 0.00957 0.00850
0 0.86145 0.31539 0.00553 0.00765
0 0.86134 0.30377 0.00659 0.00765
0 0.92875 0.18073 0.00744 0.01049
0 0.92609 0.15210 0.00765 0.00765
0 0.90759 0.11212 0.00510 0.00936
0 0.93204 0.06435 0.00553 0.00964
0 0.89217 0.03416 0.00617 0.00936
0 0.66477 0.45473 0.00468 0.00510
0 0.66094 0.48578 0.00468 0.00538
0 0.68837 0.52362 0.00978 0.01248
0 0.71888 0.50009 0.01297 0.01248
0 0.72197 0.51115 0.01191 0.00907
0 0.73292 0.52136 0.00744 0.00737
0 0.74886 0.51356 0.01425 0.01673
0 0.73696 0.49400 0.00914 0.01729
0 0.78384 0.45275 0.01446 0.01361
0 0.70145 0.57225 0.00829 0.00992
0 0.73579 0.59351 0.01148 0.01559
0 0.75434 0.54575 0.01362 0.01602
0 0.99164 0.07049 0.00841 0.01068
0 0.96941 0.08143 0.01202 0.01228
0 0.97162 0.03364 0.00841 0.01175
0 0.96541 0.03551 0.00881 0.01015
0 0.99604 0.11802 0.00761 0.01388
0 0.69286 0.15157 0.00361 0.00504
