0 0.21832 0.30078 0.00715 0.00894
0 0.22782 0.29944 0.00737 0.00983
0 0.23631 0.32298 0.00827 0.00864
0 0.26402 0.30823 0.00648 0.01013
0 0.27453 0.31464 0.00469 0.00626
0 0.28771 0.32104 0.00603 0.00894
0 0.27307 0.32045 0.00447 0.00715
0 0.25307 0.30659 0.00514 0.00804
0 0.26446 0.34350 0.00641 0.00826
0 0.10192 0.66100 0.00933 0.00743
0 0.08205 0.56322 0.00893 0.00900
0 0.17845 0.62939 0.00507 0.00659
0 0.23421 0.63244 0.00832 0.00981
0 0.13418 0.67820 0.00551 0.00754
0 0.11937 0.70063 0.00536 0.00873
0 0.17697 0.71333 0.00685 0.00873
0 0.16186 0.70469 0.00551 0.00655
0 0.22690 0.59029 0.00640 0.00953
0 0.30150 0.67162 0.00658 0.00908
0 0.30786 0.66436 0.00613 0.00908
0 0.29696 0.71595 0.00704 0.00938
0 0.31183 0.69765 0.00635 0.00968
0 0.27461 0.69976 0.00545 0.01029
0 0.26385 0.79650 0.00551 0.00827
0 0.23656 0.80913 0.00568 0.00735
0 0.22020 0.79879 0.00568 0.00689
0 0.28271 0.83875 0.00534 0.01010
0 0.10540 0.70648 0.00758 0.00689
0 0.12021 0.60395 0.00896 0.00804
0 0.12874 0.60211 0.00982 0.00712
0 0.16293 0.55400 0.00792 0.01010
0 0.12788 0.54711 0.00810 0.01148
0 0.12073 0.54206 0.00827 0.01102
0 0.12762 0.51267 0.00792 0.00827
0 0.17602 0.50956 0.00792 0.00942
0 0.17378 0.49349 0.00758 0.00896
0 0.04168 0.52943 0.00689 0.00781
0 0.09541 0.61336 0.00758 0.00896
0 0.09335 0.62679 0.00827 0.00873
0 0.20237 0.55067 0.00620 0.00849
0 0.19134 0.54206 0.00689 0.00735
0 0.11332 0.65619 0.00792 0.00781
0 0.02222 0.60096 0.00792 0.00712
0 0.01068 0.61658 0.00482 0.00620
0 0.06695 0.67392 0.00593 0.00689
0 0.27056 0.51427 0.00765 0.00842
0 0.28796 0.51631 0.00459 0.00535
0 0.30929 0.51146 0.00555 0.00791
0 0.22934 0.49310 0.00784 0.00791
0 0.16660 0.48124 0.00631 0.00765
0 0.24793 0.50617 0.00815 0.00909
0 0.23274 0.93491 0.00593 0.01165
0 0.23045 0.91477 0.00726 0.00889
0 0.23882 0.92010 0.00800 0.00928
0 0.24896 0.91901 0.00696 0.00751
0 0.17674 0.95151 0.00504 0.00533
0 0.15985 0.95249 0.00474 0.00652
0 0.10355 0.86548 0.00711 0.00829
0 0.14615 0.86035 0.01052 0.01383
0 0.48470 0.10674 0.00641 0.00998
0 0.50651 0.16545 0.00684 0.01225
0 0.56507 0.17841 0.00788 0.01090
0 0.57134 0.18016 0.00671 0.00856
0 0.56828 0.15360 0.00730 0.00914
0 0.57981 0.12014 0.00817 0.01109
0 0.55201 0.16751 0.00715 0.00934
0 0.55732 0.07581 0.00742 0.00879
0 0.62407 0.08295 0.00577 0.00916
0 0.63437 0.16499 0.00549 0.00842
0 0.56009 0.24259 0.00675 0.00775
0 0.54940 0.25873 0.00600 0.00850
0 0.56244 0.26623 0.00657 0.00950
0 0.58373 0.30037 0.00788 0.00975
0 0.58242 0.31287 0.00825 0.00975
0 0.60145 0.32400 0.00731 0.00900
0 0.59301 0.33663 0.00882 0.00925
0 0.55606 0.34613 0.00619 0.00925
0 0.50598 0.34351 0.00619 0.00950
0 0.43705 0.34414 0.00713 0.01225
0 0.42570 0.34876 0.00994 0.01201
0 0.50063 0.28699 0.00563 0.00750
0 0.48994 0.26785 0.00525 0.00675
0 0.51254 0.24597 0.00657 0.00950
0 0.44286 0.36127 0.00713 0.00950
0 0.56159 0.37015 0.00675 0.00925
0 0.56947 0.37390 0.00713 0.00825
0 0.60342 0.37915 0.01088 0.01126
0 0.52342 0.38153 0.00731 0.00900
0 0.52099 0.39791 0.00619 0.00925
0 0.52783 0.41066 0.00563 0.01126
0 0.52455 0.42254 0.00731 0.00700
0 0.46068 0.38890 0.00638 0.00925
0 0.41688 0.40741 0.00694 0.01126
0 0.58804 0.23734 0.00525 0.00775
0 0.63053 0.34414 0.00807 0.00775
0 0.37476 0.38663 0.00801 0.00992
0 0.38434 0.40436 0.00658 0.00877
0 0.39106 0.41180 0.00858 0.00839
0 0.36447 0.33382 0.00686 0.00953
0 0.35875 0.32562 0.00915 0.01067
0 0.35557 0.33717 0.00875 0.00851
0 0.33146 0.34773 0.00638 0.01135
0 0.35616 0.35624 0.00709 0.00757
0 0.36632 0.35451 0.00662 0.00725
0 0.58481 0.39899 0.00844 0.01170
0 0.52572 0.39271 0.01105 0.01146
0 0.54977 0.78537 0.01192 0.01017
0 0.59589 0.61396 0.01124 0.01059
0 0.58297 0.77824 0.01013 0.00973
0 0.44395 0.56616 0.00767 0.01064
0 0.46113 0.55716 0.00706 0.00818
0 0.50700 0.55000 0.00736 0.01023
0 0.51973 0.57250 0.00829 0.01268
0 0.51314 0.57803 0.00736 0.00900
0 0.52863 0.57168 0.00583 0.00777
0 0.50240 0.71854 0.00920 0.01023
0 0.40928 0.57864 0.00828 0.00777
0 0.41603 0.57884 0.00583 0.00900
0 0.41005 0.70607 0.01227 0.01391
0 0.62128 0.64695 0.00890 0.01023
0 0.62819 0.64695 0.00798 0.00941
0 0.62190 0.58334 0.00767 0.00900
0 0.62313 0.58948 0.00829 0.00655
0 0.60932 0.58048 0.00706 0.01227
0 0.54029 0.76027 0.00644 0.01268
0 0.51129 0.76027 0.00859 0.01023
0 0.48859 0.77275 0.00798 0.01146
0 0.49273 0.76845 0.00706 0.00941
0 0.50807 0.78624 0.01074 0.01064
0 0.47908 0.80752 0.00982 0.01146
0 0.46957 0.79749 0.00798 0.01105
0 0.46006 0.79647 0.00859 0.00982
0 0.50270 0.81406 0.00675 0.00900
0 0.47049 0.67293 0.00982 0.01309
0 0.61254 0.84208 0.00798 0.00941
0 0.41204 0.84249 0.00890 0.01023
0 0.35851 0.61096 0.00614 0.00859
0 0.32353 0.61014 0.00675 0.00859
0 0.44957 0.60434 0.00830 0.00953
0 0.52576 0.59804 0.00669 0.00861
0 0.55573 0.61541 0.00669 0.00891
0 0.52657 0.70301 0.00645 0.00830
0 0.61484 0.50708 0.00870 0.01097
0 0.58686 0.46162 0.00823 0.01097
0 0.51315 0.51680 0.00846 0.00972
0 0.50316 0.53106 0.00729 0.00878
0 0.47107 0.52291 0.00799 0.01003
0 0.44873 0.46522 0.00705 0.00940
0 0.45284 0.44987 0.00823 0.00940
0 0.46025 0.44673 0.00658 0.00940
0 0.41652 0.43482 0.00799 0.00878
0 0.40852 0.43607 0.00611 0.00940
0 0.39348 0.45426 0.00799 0.00878
0 0.40018 0.45739 0.00776 0.01128
0 0.32972 0.49146 0.00972 0.00943
0 0.32247 0.49770 0.00477 0.00730
0 0.32406 0.50536 0.00548 0.00613
0 0.65829 0.19920 0.00883 0.00777
0 0.66050 0.20733 0.00795 0.00895
0 0.65131 0.05878 0.01007 0.01155
0 0.88190 0.08048 0.00385 0.00569
0 0.87914 0.51272 0.00301 0.00323
0 0.88178 0.50782 0.00309 0.00346
0 0.90253 0.51908 0.00293 0.00279
0 0.73066 0.63227 0.00644 0.01030
0 0.67642 0.63313 0.00644 0.00859
0 0.68787 0.56167 0.00816 0.00878
0 0.69503 0.54287 0.00673 0.00782
0 0.66655 0.44279 0.00816 0.00916
0 0.66798 0.45147 0.00758 0.00859
0 0.75435 0.74546 0.01164 0.01093
0 0.77279 0.75290 0.00754 0.01049
0 0.77754 0.74361 0.00787 0.00896
0 0.74771 0.77716 0.00885 0.01093
0 0.76008 0.78186 0.00672 0.00852
0 0.76508 0.77880 0.00819 0.01071
0 0.81828 0.77202 0.00934 0.00984
0 0.65481 0.91240 0.01070 0.00974
0 0.22889 0.50467 0.00701 0.00650
0 0.60500 0.67229 0.00884 0.01341
0 0.63959 0.71130 0.00610 0.00691
0 0.64980 0.70886 0.00640 0.00772
