0 0.27820 0.31854 0.00339 0.00426
0 0.28279 0.34235 0.00419 0.00452
0 0.28229 0.35046 0.00399 0.00479
0 0.30504 0.29979 0.00479 0.00558
0 0.30604 0.27199 0.00439 0.00692
0 0.28120 0.40299 0.00379 0.00399
0 0.31112 0.41603 0.00379 0.00346
0 0.31202 0.41829 0.00359 0.00319
0 0.29855 0.26919 0.00379 0.00558
0 0.15272 0.84775 0.00619 0.00718
0 0.28189 0.48771 0.00519 0.00585
0 0.28449 0.44050 0.00479 0.00612
0 0.21566 0.46284 0.00279 0.00399
0 0.22055 0.56858 0.00459 0.00692
0 0.00379 0.63641 0.00598 0.00851
0 0.02254 0.61007 0.00598 0.00585
0 0.03022 0.61806 0.00658 0.00745
0 0.11946 0.63930 0.00465 0.00680
0 0.10821 0.62941 0.00524 0.00699
0 0.09555 0.63401 0.00420 0.00540
0 0.09180 0.63580 0.00390 0.00579
0 0.09773 0.65429 0.00465 0.00599
0 0.12425 0.64320 0.00435 0.00619
0 0.09555 0.68387 0.00600 0.00599
0 0.03537 0.70475 0.00614 0.00779
0 0.01761 0.69436 0.00480 0.00859
0 0.04414 0.65399 0.00779 0.00739
0 0.08476 0.66028 0.00570 0.00680
0 0.07779 0.65709 0.00495 0.00719
0 0.15820 0.73123 0.00570 0.00599
0 0.07239 0.77189 0.00704 0.00859
0 0.06415 0.77449 0.00614 0.00619
0 0.13302 0.95395 0.00873 0.00896
0 0.22181 0.93335 0.00627 0.00955
0 0.25965 0.93529 0.00672 0.00687
0 0.27286 0.91768 0.00672 0.00687
0 0.28406 0.90424 0.00537 0.00687
0 0.02217 0.89334 0.00963 0.00776
0 0.50321 0.24710 0.00445 0.00452
0 0.55650 0.32198 0.00339 0.00678
0 0.58999 0.32721 0.00424 0.00594
0 0.52758 0.31025 0.00445 0.00537
0 0.52461 0.31322 0.00360 0.00509
0 0.48964 0.32551 0.00318 0.00537
0 0.49473 0.34147 0.00403 0.00565
0 0.52334 0.33469 0.00360 0.00452
0 0.53690 0.33003 0.00403 0.00480
0 0.53997 0.33483 0.00339 0.00480
0 0.50903 0.30065 0.00381 0.00763
0 0.54268 0.35456 0.00366 0.00573
0 0.54682 0.35711 0.00398 0.00531
0 0.52101 0.35011 0.00303 0.00531
0 0.46328 0.35063 0.00382 0.00595
0 0.47809 0.37623 0.00287 0.00489
0 0.43198 0.36317 0.00366 0.00467
0 0.42529 0.35701 0.00398 0.00552
0 0.41191 0.28066 0.00303 0.00446
0 0.40060 0.31230 0.00334 0.00404
0 0.56617 0.35669 0.00287 0.00446
0 0.50073 0.31030 0.00303 0.00457
0 0.48408 0.37358 0.00342 0.00439
0 0.45308 0.38972 0.00382 0.00579
0 0.43491 0.37875 0.00408 0.00597
0 0.48553 0.35585 0.00316 0.00579
0 0.52910 0.35234 0.00290 0.00579
0 0.54173 0.38840 0.00395 0.00562
0 0.54121 0.36655 0.00369 0.00544
0 0.55358 0.34216 0.00369 0.00509
0 0.56030 0.28731 0.00316 0.00386
0 0.54428 0.78046 0.00585 0.00635
0 0.52606 0.50539 0.00358 0.00452
0 0.49207 0.53245 0.00311 0.00332
0 0.57877 0.53753 0.00451 0.00560
0 0.61151 0.48248 0.00529 0.00663
0 0.53865 0.48113 0.00358 0.00643
0 0.52914 0.70730 0.00691 0.00832
0 0.58852 0.74874 0.00490 0.00802
0 0.60691 0.76256 0.00557 0.00594
0 0.61825 0.43488 0.00388 0.00564
0 0.62001 0.44921 0.00458 0.00517
0 0.41801 0.48244 0.00493 0.00493
0 0.44839 0.57108 0.00440 0.00657
0 0.33928 0.61734 0.00423 0.00657
0 0.42135 0.66231 0.00458 0.00728
0 0.45482 0.70023 0.00423 0.00611
0 0.80280 0.94318 0.00400 0.00466
0 0.80375 0.95017 0.00530 0.00586
0 0.96934 0.41299 0.00250 0.00378
0 0.96675 0.41077 0.00267 0.00289
