0 0.05154 0.39119 0.00865 0.00754
0 0.27131 0.16180 0.00998 0.00906
0 0.22300 0.28549 0.01110 0.01221
0 0.23729 0.29252 0.00971 0.00999
0 0.24978 0.28882 0.00694 0.01073
0 0.17291 0.34914 0.01304 0.01147
0 0.26449 0.22573 0.00749 0.00888
0 0.25602 0.21687 0.00929 0.00935
0 0.25915 0.26363 0.00720 0.00834
0 0.26825 0.25580 0.00834 0.01087
0 0.20967 0.33517 0.00834 0.00783
0 0.20114 0.33605 0.00796 0.00910
0 0.21261 0.23684 0.00815 0.01239
0 0.19905 0.17277 0.00644 0.00960
0 0.12512 0.15103 0.00948 0.01213
0 0.13735 0.15014 0.01005 0.01036
0 0.15811 0.13144 0.00796 0.00935
0 0.17602 0.40013 0.00853 0.00834
0 0.16085 0.40720 0.00663 0.00733
0 0.17573 0.41896 0.00683 0.00708
0 0.25678 0.40973 0.00739 0.00884
0 0.25460 0.38117 0.00758 0.00783
0 0.31545 0.41213 0.00683 0.00708
0 0.31602 0.40202 0.00569 0.00657
0 0.12849 0.37810 0.00752 0.01002
0 0.23315 0.84996 0.00930 0.00675
0 0.14740 0.77871 0.00908 0.00973
0 0.29222 0.82831 0.00512 0.00715
0 0.18060 0.75698 0.00755 0.01267
0 0.13624 0.77258 0.00950 0.01007
0 0.11089 0.77550 0.00853 0.00943
0 0.09261 0.70905 0.01146 0.01040
0 0.21094 0.69784 0.00683 0.01137
0 0.22873 0.69192 0.01032 0.01131
0 0.15476 0.54548 0.00815 0.01087
0 0.14727 0.53516 0.01048 0.00887
0 0.12472 0.52729 0.00732 0.00643
0 0.27582 0.46915 0.00666 0.00954
0 0.30710 0.48380 0.00832 0.00910
0 0.23315 0.85428 0.00930 0.00189
0 0.10314 0.87125 0.00911 0.01016
0 0.33460 0.39763 0.00897 0.01093
0 0.36138 0.39831 0.00973 0.00957
0 0.34575 0.22102 0.00820 0.00888
0 0.34805 0.26013 0.00666 0.00649
0 0.48641 0.39951 0.00512 0.00581
0 0.43427 0.39182 0.00845 0.00888
0 0.35369 0.16192 0.00717 0.00751
0 0.33832 0.16517 0.00461 0.00512
0 0.33473 0.15936 0.00563 0.00717
0 0.47885 0.36544 0.00424 0.00411
0 0.47885 0.36044 0.00308 0.00488
0 0.54619 0.48528 0.00311 0.00518
0 0.54440 0.48103 0.00295 0.00373
0 0.54059 0.47657 0.00342 0.00394
0 0.53593 0.47647 0.00404 0.00498
0 0.52084 0.46081 0.00435 0.00601
0 0.53033 0.45345 0.00342 0.00332
0 0.48740 0.45221 0.00373 0.00581
0 0.49246 0.52384 0.00358 0.00435
0 0.49883 0.48092 0.00513 0.00601
0 0.56693 0.75963 0.00443 0.00539
0 0.58965 0.68017 0.00443 0.00513
0 0.44578 0.76264 0.00513 0.00827
0 0.43754 0.74453 0.00406 0.00513
0 0.43016 0.72970 0.00471 0.00684
0 0.46296 0.78465 0.00546 0.00798
0 0.61871 0.92160 0.00639 0.00852
0 0.59979 0.95235 0.00544 0.00883
0 0.60157 0.95961 0.00520 0.00757
0 0.59222 0.96197 0.00497 0.00725
0 0.57425 0.91230 0.00591 0.00757
0 0.56148 0.91214 0.00497 0.00662
0 0.37097 0.86973 0.00331 0.00631
0 0.51571 0.89171 0.00427 0.00569
0 0.69277 0.38853 0.00444 0.00569
0 0.69144 0.38177 0.00391 0.00450
0 0.72324 0.45244 0.00444 0.00641
0 0.71926 0.44948 0.00425 0.00493
0 0.73323 0.54048 0.00481 0.00592
0 0.76578 0.56058 0.00518 0.00567
0 0.73970 0.56503 0.00518 0.00666
0 0.71732 0.56576 0.00481 0.00666
0 0.70289 0.48388 0.00370 0.00469
0 0.75250 0.97167 0.00850 0.00900
0 0.99154 0.33701 0.00557 0.00587
0 0.97206 0.52638 0.00881 0.01051
