0 0.03230 0.12268 0.01465 0.01656
0 0.03054 0.10014 0.01310 0.01520
0 0.10752 0.02495 0.01599 0.01951
0 0.11288 0.04672 0.01208 0.01542
0 0.11748 0.07196 0.01797 0.02312
0 0.24980 0.08248 0.01265 0.01583
0 0.05616 0.10966 0.01344 0.01396
0 0.04866 0.14705 0.01344 0.01500
0 0.04960 0.16122 0.01344 0.01291
0 0.20294 0.39356 0.00953 0.01604
0 0.07975 0.38971 0.02468 0.02749
0 0.17432 0.03773 0.01736 0.02556
0 0.28076 0.65432 0.02151 0.02854
0 0.11630 0.64184 0.02488 0.02609
0 0.30062 0.59914 0.01580 0.02278
0 0.02343 0.60867 0.01125 0.01166
0 0.23770 0.54142 0.02435 0.02155
0 0.10936 0.55895 0.01203 0.01645
0 0.19489 0.59050 0.02250 0.02416
0 0.14818 0.58280 0.01531 0.02041
0 0.22957 0.60758 0.01625 0.02541
0 0.25121 0.59873 0.02203 0.02395
0 0.25816 0.62070 0.02343 0.02125
0 0.31322 0.81858 0.01356 0.02000
0 0.28831 0.76286 0.01125 0.01396
0 0.15030 0.51387 0.01939 0.01984
0 0.19692 0.95230 0.01625 0.02416
0 0.35239 0.40896 0.01897 0.02151
0 0.38990 0.14124 0.00931 0.00857
0 0.40306 0.03812 0.01265 0.02041
0 0.41814 0.04218 0.00969 0.01521
0 0.38197 0.05176 0.00859 0.01146
0 0.38127 0.08998 0.01000 0.01125
0 0.42228 0.09436 0.01234 0.01458
0 0.43423 0.04968 0.01469 0.01812
0 0.44641 0.04884 0.00906 0.01354
0 0.45110 0.08738 0.01219 0.01396
0 0.45259 0.07436 0.00828 0.00833
0 0.46180 0.07571 0.00859 0.01229
0 0.48891 0.04301 0.00906 0.01645
0 0.38385 0.01687 0.01172 0.01208
0 0.36533 0.01218 0.01031 0.01271
0 0.51351 0.05676 0.00984 0.01187
0 0.51101 0.06634 0.01015 0.01146
0 0.51437 0.07915 0.00781 0.01000
0 0.51156 0.27161 0.00906 0.01083
0 0.46844 0.22922 0.00781 0.01021
0 0.47618 0.23120 0.00828 0.01125
0 0.46430 0.16736 0.01547 0.01645
0 0.44220 0.17528 0.01250 0.01479
0 0.40619 0.17507 0.00859 0.01687
0 0.35658 0.17194 0.00781 0.01812
0 0.38033 0.20037 0.01094 0.01916
0 0.38252 0.15768 0.01031 0.01416
0 0.40689 0.25724 0.00875 0.01333
0 0.39330 0.27317 0.00875 0.01354
0 0.54788 0.29286 0.00922 0.01166
0 0.54866 0.31129 0.01109 0.01229
0 0.43571 0.33785 0.00984 0.01291
0 0.44688 0.41127 0.01031 0.01271
0 0.33870 0.30015 0.01234 0.01666
0 0.58207 0.56195 0.01117 0.01154
0 0.51212 0.56082 0.01291 0.01140
0 0.34818 0.68456 0.00917 0.01072
0 0.49195 0.58925 0.01453 0.01375
0 0.51226 0.58852 0.01078 0.01396
0 0.54257 0.70423 0.01203 0.01166
0 0.52718 0.71048 0.00875 0.01000
0 0.53968 0.71850 0.01094 0.01396
0 0.43821 0.76245 0.01078 0.01146
0 0.37502 0.80327 0.00875 0.02229
0 0.35596 0.84887 0.01187 0.00892
0 0.32111 0.81858 0.00222 0.02000
0 0.41089 0.52238 0.00839 0.01092
0 0.45235 0.57166 0.01259 0.01359
0 0.46264 0.56753 0.00919 0.01492
0 0.46214 0.54116 0.00899 0.01332
0 0.47433 0.55234 0.00939 0.01012
0 0.52168 0.53689 0.00979 0.01705
0 0.47023 0.44433 0.01159 0.01465
0 0.57550 0.49778 0.01105 0.01353
0 0.35596 0.85543 0.01187 0.00420
0 0.43071 0.93366 0.01265 0.02062
0 0.43189 0.90835 0.01406 0.01916
0 0.50742 0.91752 0.01515 0.01666
0 0.42768 0.86566 0.00902 0.01143
0 0.69888 0.76963 0.01125 0.01541
0 0.71536 0.77900 0.01234 0.01416
0 0.69920 0.72314 0.01353 0.01564
0 0.72592 0.72539 0.01060 0.01473
0 0.73077 0.71051 0.01037 0.01263
0 0.32191 0.57266 0.01461 0.02172
0 0.46957 0.42745 0.00911 0.01294
0 0.35607 0.14529 0.01206 0.01647
0 0.21126 0.44176 0.01529 0.01804
