0 0.55915 0.76292 0.00699 0.00992
0 0.60241 0.78726 0.00608 0.00931
0 0.56050 0.78110 0.00563 0.00781
0 0.59972 0.61845 0.00577 0.00720
0 0.58128 0.61646 0.00577 0.00670
0 0.57365 0.63012 0.00428 0.00571
0 0.60466 0.62938 0.00559 0.00621
0 0.55177 0.63571 0.00521 0.00695
0 0.56490 0.65657 0.00615 0.00646
0 0.57151 0.66936 0.00670 0.00869
0 0.61034 0.45591 0.00978 0.01026
0 0.61200 0.46852 0.00686 0.00832
0 0.63103 0.45272 0.00790 0.00887
0 0.62334 0.45383 0.00499 0.00721
0 0.61002 0.51803 0.00499 0.00693
0 0.60940 0.49196 0.00541 0.00638
0 0.63074 0.51490 0.00533 0.00573
0 0.36549 0.56107 0.00624 0.00731
0 0.37182 0.57229 0.00530 0.00807
0 0.32860 0.56460 0.00700 0.00731
0 0.39915 0.58478 0.00511 0.00883
0 0.44303 0.61705 0.00775 0.00731
0 0.43707 0.59965 0.00454 0.00580
0 0.45447 0.58994 0.00643 0.00857
0 0.48596 0.63660 0.00586 0.00857
0 0.50345 0.61894 0.00567 0.00605
0 0.43801 0.68186 0.00492 0.00631
0 0.51451 0.66282 0.00473 0.00656
0 0.50988 0.65412 0.00605 0.00883
0 0.49683 0.65917 0.00567 0.00883
0 0.44359 0.72259 0.00624 0.00757
0 0.46676 0.72145 0.00681 0.00782
0 0.50648 0.71817 0.00681 0.00832
0 0.51206 0.71578 0.00738 0.00807
0 0.53419 0.68009 0.00586 0.01034
0 0.52794 0.66307 0.00586 0.00656
0 0.33763 0.53038 0.00726 0.00733
0 0.59016 0.87819 0.00621 0.00754
0 0.59536 0.87783 0.00675 0.00779
0 0.61444 0.87016 0.00438 0.00657
0 0.58377 0.96946 0.00657 0.00949
0 0.57565 0.96106 0.00456 0.00438
0 0.39779 0.94075 0.00603 0.00968
0 0.39805 0.92811 0.00443 0.00614
0 0.40664 0.92421 0.00531 0.00685
0 0.37776 0.96000 0.00425 0.00520
0 0.49577 0.86715 0.00567 0.00661
0 0.72752 0.22301 0.00361 0.00550
0 0.72400 0.27917 0.00378 0.00642
0 0.73853 0.35442 0.00540 0.00644
0 0.75245 0.35821 0.00341 0.00568
0 0.69747 0.42110 0.00398 0.00455
0 0.74258 0.41921 0.00469 0.00606
0 0.74790 0.39771 0.00398 0.00587
0 0.95337 0.77371 0.00989 0.01069
0 0.94163 0.78878 0.01102 0.01022
0 0.67452 0.85021 0.00473 0.00601
0 0.65976 0.70222 0.00406 0.00751
0 0.65051 0.46654 0.00602 0.00619
0 0.67268 0.46287 0.00602 0.00848
0 0.77809 0.47414 0.00810 0.01023
0 0.76211 0.48693 0.00540 0.00587
0 0.76389 0.49309 0.00582 0.00682
0 0.76992 0.50256 0.00455 0.00568
0 0.75700 0.51563 0.00483 0.00871
0 0.92310 0.79560 0.00614 0.00772
0 0.92511 0.80379 0.00631 0.00912
0 0.88723 0.80543 0.00666 0.00819
0 0.87154 0.79514 0.00509 0.00959
0 0.90679 0.76672 0.00544 0.00842
0 0.90863 0.75889 0.00737 0.01099
0 0.90600 0.75362 0.00631 0.00748
0 0.81422 0.67485 0.00700 0.00817
0 0.89263 0.71160 0.00722 0.00992
0 0.84747 0.75986 0.00656 0.00904
0 0.66697 0.86133 0.00315 0.00361
0 0.97685 0.78368 0.00737 0.00819
