0 0.11218 0.38220 0.00385 0.00579
0 0.05536 0.55946 0.00417 0.00510
0 0.12741 0.51149 0.00539 0.00649
0 0.24208 0.56991 0.00359 0.00440
0 0.40524 0.19438 0.00675 0.01130
0 0.53206 0.09728 0.00790 0.00862
0 0.59030 0.09757 0.00574 0.00919
0 0.63397 0.15196 0.00632 0.00881
0 0.59311 0.24464 0.00646 0.00728
0 0.40215 0.31789 0.00833 0.00823
0 0.47131 0.29482 0.00388 0.00460
0 0.49759 0.28093 0.00531 0.00709
0 0.46693 0.28180 0.00517 0.00651
0 0.55325 0.31741 0.00517 0.00651
0 0.53012 0.29118 0.00546 0.00613
0 0.50140 0.39172 0.00546 0.00766
0 0.47562 0.41996 0.00503 0.00670
0 0.43979 0.42169 0.00431 0.00594
0 0.65156 0.04475 0.00386 0.00605
0 0.65009 0.10024 0.00590 0.00877
0 0.72958 0.09601 0.00340 0.00514
0 0.73049 0.10039 0.00340 0.00605
0 0.73162 0.08618 0.00476 0.00605
0 0.67685 0.26958 0.00590 0.00817
0 0.69084 0.48796 0.00220 0.00361
0 0.36895 0.51715 0.00342 0.00480
0 0.26200 0.39889 0.00538 0.00688
0 0.27109 0.40173 0.00471 0.00658
0 0.41756 0.45633 0.00471 0.00509
0 0.47196 0.42671 0.00359 0.00568
0 0.47566 0.47039 0.00561 0.00808
0 0.46893 0.47308 0.00426 0.00449
0 0.46759 0.52273 0.00785 0.00688
0 0.47017 0.53141 0.00493 0.00808
0 0.47521 0.53784 0.00695 0.00598
0 0.48845 0.55310 0.00561 0.00658
0 0.48789 0.56087 0.00583 0.00778
0 0.50897 0.49566 0.00314 0.00419
0 0.49450 0.52722 0.00426 0.00688
0 0.50303 0.53276 0.00606 0.00718
0 0.52512 0.48385 0.00628 0.00808
0 0.44560 0.53904 0.00381 0.00419
0 0.47790 0.63461 0.00606 0.00688
0 0.48071 0.62728 0.00628 0.00838
0 0.50538 0.65839 0.00628 0.00897
0 0.48587 0.66333 0.00538 0.00867
0 0.55384 0.63446 0.00628 0.00658
0 0.53264 0.62653 0.00651 0.00808
0 0.56191 0.65076 0.00359 0.00628
0 0.58300 0.62683 0.00583 0.00867
0 0.56898 0.63237 0.00471 0.00718
0 0.65568 0.56671 0.00583 0.00748
0 0.68730 0.52258 0.00538 0.00778
0 0.59623 0.52647 0.00404 0.00538
0 0.58569 0.52647 0.00449 0.00778
0 0.56303 0.52079 0.00404 0.00778
0 0.55193 0.50688 0.00471 0.00748
0 0.56281 0.53021 0.00538 0.00688
0 0.72499 0.57074 0.00449 0.00957
0 0.64872 0.55719 0.00354 0.00539
0 0.59960 0.49348 0.00607 0.00831
0 0.61721 0.49798 0.00556 0.01146
0 0.67366 0.47921 0.00657 0.00719
0 0.56831 0.48617 0.00404 0.00669
