0 0.047570 0.127182 0.007908 0.010708
0 0.089024 0.074218 0.005561 0.008238
0 0.042422 0.428280 0.008698 0.010172
0 0.097660 0.441098 0.007171 0.010580
0 0.081313 0.554146 0.005088 0.005528
0 0.361269 0.057070 0.006250 0.008838
0 0.439110 0.043056 0.004356 0.010102
0 0.447254 0.073864 0.003599 0.009090
0 0.371213 0.124494 0.007197 0.010354
0 0.377367 0.126516 0.005113 0.007828
0 0.357765 0.112248 0.006817 0.011112
0 0.371970 0.134344 0.003409 0.006818
0 0.422158 0.106186 0.004167 0.009596
0 0.412974 0.114394 0.005493 0.006314
0 0.418940 0.167930 0.005302 0.007324
0 0.370067 0.511074 0.003372 0.007994
0 0.355266 0.925334 0.004000 0.008534
0 0.359466 0.927556 0.003600 0.005866
0 0.372215 0.325576 0.002610 0.004044
0 0.374682 0.317066 0.004161 0.004702
0 0.521262 0.110578 0.002962 0.002820
0 0.458858 0.076380 0.004470 0.008610
0 0.594619 0.123290 0.003477 0.004416
0 0.597286 0.119066 0.004409 0.004822
0 0.595422 0.116504 0.003391 0.003918
0 0.464541 0.058164 0.004592 0.008792
0 0.461774 0.065150 0.004475 0.007692
0 0.522115 0.466248 0.004827 0.007064
0 0.535967 0.428484 0.003296 0.004394
0 0.538466 0.422272 0.003522 0.004090
0 0.508466 0.450682 0.004432 0.005758
0 0.481193 0.411364 0.005796 0.007728
0 0.496092 0.779154 0.004425 0.005900
0 0.541660 0.728158 0.002340 0.003268
0 0.516287 0.728056 0.002968 0.003248
0 0.519483 0.727550 0.002815 0.003450
0 0.513889 0.725672 0.003043 0.002942
0 0.520761 0.217368 0.002274 0.002482
0 0.469687 0.243672 0.003280 0.004376
0 0.466347 0.250468 0.004570 0.004532
0 0.455800 0.250312 0.003164 0.005156
0 0.459903 0.238984 0.003633 0.004376
0 0.459609 0.251796 0.003984 0.007188
0 0.503664 0.351206 0.005641 0.005014
0 0.549084 0.365188 0.005063 0.006750
0 0.625497 0.069710 0.002712 0.002894
0 0.634923 0.157504 0.002848 0.003798
0 0.620886 0.181736 0.002712 0.003074
0 0.689889 0.560084 0.007920 0.009292
0 0.658923 0.588384 0.007444 0.007602
0 0.726399 0.574552 0.006811 0.007814
0 0.684980 0.493876 0.005069 0.004858
0 0.705412 0.489758 0.005069 0.007180
0 0.713094 0.494932 0.007761 0.010348
0 0.641965 0.274732 0.004104 0.004722
0 0.678477 0.268800 0.005850 0.007212
0 0.668197 0.293860 0.003318 0.005310
0 0.614047 0.240476 0.005715 0.011428
0 0.830449 0.550860 0.005736 0.006500
0 0.879063 0.574760 0.005450 0.006118
0 0.882983 0.436948 0.007530 0.007630
0 0.766461 0.664884 0.005144 0.005762
0 0.800323 0.731250 0.003016 0.003160
0 0.788254 0.731322 0.002586 0.002730
0 0.245454 0.115336 0.005335 0.004902
0 0.278301 0.030514 0.006048 0.007588
0 0.245151 0.150964 0.005964 0.007228
0 0.159537 0.133208 0.004601 0.006432
0 0.206445 0.905032 0.003968 0.004980
