0 0.10051169590643275 0.4753289473684211 0.01023391812865497 0.006853070175438596
0 0.27046783625730997 0.2924890350877193 0.015350877192982455 0.010416666666666666
0 0.2810672514619883 0.2524671052631579 0.01023391812865497 0.008223684210526315
0 0.2814327485380117 0.16036184210526316 0.009502923976608187 0.00932017543859649
0 0.28983918128654973 0.16145833333333334 0.011330409356725146 0.009046052631578948
0 0.30080409356725146 0.37801535087719296 0.013157894736842105 0.010416666666666666
0 0.3271198830409357 0.08360745614035088 0.013157894736842105 0.010142543859649123
0 0.33881578947368424 0.22807017543859648 0.009868421052631578 0.011239035087719298
0 0.3406432748538012 0.5095942982456141 0.01608187134502924 0.01644736842105263
0 0.3530701754385965 0.5038377192982456 0.017543859649122806 0.014802631578947368
0 0.38377192982456143 0.1600877192982456 0.015350877192982455 0.010964912280701754
0 0.38377192982456143 0.16776315789473684 0.01023391812865497 0.00712719298245614
0 0.385233918128655 0.3988486842105263 0.01608187134502924 0.013980263157894737
0 0.4093567251461988 0.16474780701754385 0.014619883040935672 0.015899122807017545
0 0.4908625730994152 0.5035635964912281 0.012426900584795321 0.008771929824561403
0 0.49159356725146197 0.8303179824561403 0.013888888888888888 0.010964912280701754
0 0.5021929824561403 0.9172149122807017 0.006578947368421052 0.006578947368421052
0 0.668859649122807 0.4043311403508772 0.010964912280701754 0.00712719298245614
0 0.778874269005848 0.2738486842105263 0.01023391812865497 0.008771929824561403
0 0.9331140350877193 0.9125548245614035 0.003654970760233918 0.006578947368421052
