0 0.004660087719298245 0.9532163742690059 0.004111842105263158 0.006944444444444444
0 0.005756578947368421 0.9594298245614035 0.00356359649122807 0.005482456140350877
0 0.008771929824561403 0.9583333333333334 0.00356359649122807 0.005847953216374269
0 0.00932017543859649 0.9499269005847953 0.003289473684210526 0.005847953216374269
0 0.010142543859649123 0.391812865497076 0.0043859649122807015 0.006578947368421052
0 0.14501096491228072 0.013157894736842105 0.007401315789473684 0.010964912280701754
0 0.14720394736842105 0.0043859649122807015 0.00712719298245614 0.009502923976608187
0 0.16255482456140352 0.00804093567251462 0.006578947368421052 0.01023391812865497
0 0.1631030701754386 0.6403508771929824 0.006578947368421052 0.008771929824561403
0 0.17160087719298245 0.04312865497076023 0.006304824561403508 0.008771929824561403
0 0.17406798245614036 0.8187134502923976 0.005482456140350877 0.008406432748538011
0 0.1806469298245614 0.6560672514619883 0.0043859649122807015 0.007675438596491228
0 0.18174342105263158 0.8326023391812866 0.005208333333333333 0.009137426900584795
0 0.18503289473684212 0.8355263157894737 0.003289473684210526 0.006944444444444444
0 0.18804824561403508 0.827485380116959 0.005756578947368421 0.009502923976608187
0 0.1894188596491228 0.39400584795321636 0.0043859649122807015 0.007309941520467836
0 0.19353070175438597 0.8223684210526315 0.005208333333333333 0.008771929824561403
0 0.20723684210526316 0.02266081871345029 0.006030701754385965 0.008406432748538011
0 0.20723684210526316 0.03216374269005848 0.005482456140350877 0.008771929824561403
0 0.21162280701754385 0.024853801169590642 0.005208333333333333 0.007675438596491228
0 0.22724780701754385 0.658625730994152 0.004660087719298245 0.008771929824561403
0 0.23355263157894737 0.6615497076023392 0.004934210526315789 0.00804093567251462
0 0.3007127192982456 0.3092105263157895 0.004660087719298245 0.007309941520467836
0 0.30756578947368424 0.3048245614035088 0.004111842105263158 0.006578947368421052
0 0.31140350877192985 0.5255847953216374 0.010964912280701754 0.012426900584795321
0 0.31167763157894735 0.0581140350877193 0.004660087719298245 0.00804093567251462
0 0.3125 0.15058479532163743 0.0043859649122807015 0.007309941520467836
0 0.31277412280701755 0.28399122807017546 0.003837719298245614 0.0062134502923976605
0 0.3138706140350877 0.35599415204678364 0.003837719298245614 0.006578947368421052
0 0.31661184210526316 0.5917397660818714 0.006030701754385965 0.008771929824561403
0 0.31743421052631576 0.27010233918128657 0.003289473684210526 0.0043859649122807015
0 0.32730263157894735 0.8505116959064327 0.006853070175438596 0.01023391812865497
0 0.32785087719298245 0.8764619883040936 0.006853070175438596 0.013157894736842105
0 0.328125 0.15423976608187134 0.004660087719298245 0.007309941520467836
0 0.33086622807017546 0.23976608187134502 0.004660087719298245 0.00804093567251462
0 0.33223684210526316 0.7050438596491229 0.004660087719298245 0.00804093567251462
0 0.33305921052631576 0.14546783625730994 0.004111842105263158 0.007309941520467836
0 0.3333333333333333 0.5614035087719298 0.00356359649122807 0.005116959064327485
0 0.3360745614035088 0.7225877192982456 0.005482456140350877 0.009137426900584795
0 0.3371710526315789 0.7441520467836257 0.004111842105263158 0.008771929824561403
0 0.33881578947368424 0.6970029239766082 0.006030701754385965 0.008771929824561403
0 0.3423793859649123 0.2887426900584795 0.006304824561403508 0.007309941520467836
0 0.3462171052631579 0.2536549707602339 0.0043859649122807015 0.005847953216374269
0 0.3462171052631579 0.28618421052631576 0.005208333333333333 0.007309941520467836
0 0.34676535087719296 0.7478070175438597 0.005756578947368421 0.008771929824561403
0 0.34841008771929827 0.25877192982456143 0.00356359649122807 0.005116959064327485
0 0.3516995614035088 0.4967105263157895 0.00356359649122807 0.0062134502923976605
0 0.3516995614035088 0.7361111111111112 0.005208333333333333 0.006578947368421052
0 0.35252192982456143 0.04788011695906433 0.003837719298245614 0.005847953216374269
0 0.35471491228070173 0.29751461988304095 0.005208333333333333 0.00804093567251462
0 0.3560855263157895 0.1425438596491228 0.0043859649122807015 0.005847953216374269
0 0.35910087719298245 0.2536549707602339 0.005208333333333333 0.00804093567251462
0 0.3659539473684211 0.1513157894736842 0.006030701754385965 0.00804093567251462
0 0.3692434210526316 0.5391081871345029 0.0024671052631578946 0.005482456140350877
0 0.37719298245614036 0.2887426900584795 0.004660087719298245 0.005847953216374269
0 0.3983004385964912 0.5292397660818714 0.004934210526315789 0.007309941520467836
0 0.39939692982456143 0.051900584795321635 0.004934210526315789 0.00804093567251462
0 0.3996710526315789 0.5584795321637427 0.003837719298245614 0.006944444444444444
0 0.40625 0.09064327485380116 0.0043859649122807015 0.007309941520467836
0 0.40981359649122806 0.10599415204678363 0.003837719298245614 0.005847953216374269
0 0.45093201754385964 0.029970760233918127 0.0043859649122807015 0.0043859649122807015
0 0.5529057017543859 0.06980994152046784 0.004660087719298245 0.006578947368421052
0 0.5556469298245614 0.8015350877192983 0.006578947368421052 0.01023391812865497
0 0.5614035087719298 0.79203216374269 0.007401315789473684 0.00804093567251462
0 0.5627741228070176 0.8029970760233918 0.006030701754385965 0.011330409356725146
0 0.5666118421052632 0.8026315789473685 0.006030701754385965 0.010964912280701754
0 0.5712719298245614 0.20723684210526316 0.006578947368421052 0.008771929824561403
0 0.5720942982456141 0.2152777777777778 0.004660087719298245 0.008771929824561403
0 0.5729166666666666 0.027412280701754384 0.0043859649122807015 0.006944444444444444
0 0.5756578947368421 0.21089181286549707 0.0043859649122807015 0.007309941520467836
0 0.5767543859649122 0.03508771929824561 0.004934210526315789 0.00804093567251462
0 0.5775767543859649 0.7858187134502924 0.006030701754385965 0.007309941520467836
0 0.5822368421052632 0.7752192982456141 0.005756578947368421 0.007675438596491228
0 0.5838815789473685 0.783625730994152 0.005756578947368421 0.009502923976608187
0 0.6115679824561403 0.6377923976608187 0.004111842105263158 0.007675438596491228
0 0.6167763157894737 0.5950292397660819 0.0043859649122807015 0.007309941520467836
0 0.6228070175438597 0.60453216374269 0.005208333333333333 0.008406432748538011
0 0.6291118421052632 0.1564327485380117 0.0043859649122807015 0.006578947368421052
0 0.6334978070175439 0.15350877192982457 0.00356359649122807 0.005847953216374269
0 0.6411732456140351 0.6217105263157895 0.005756578947368421 0.01023391812865497
0 0.6518640350877193 0.6491228070175439 0.004660087719298245 0.007675438596491228
0 0.6526864035087719 0.6549707602339181 0.005208333333333333 0.007309941520467836
0 0.6576206140350878 0.13304093567251463 0.00356359649122807 0.005847953216374269
0 0.6647478070175439 0.06907894736842106 0.004934210526315789 0.01023391812865497
0 0.6694078947368421 0.36659356725146197 0.004934210526315789 0.008771929824561403
0 0.6729714912280702 0.3658625730994152 0.004934210526315789 0.008771929824561403
0 0.6735197368421053 0.05263157894736842 0.0043859649122807015 0.006944444444444444
0 0.680921052631579 0.04824561403508772 0.004111842105263158 0.004751461988304093
0 0.703125 0.3527046783625731 0.0030153508771929823 0.006578947368421052
0 0.7053179824561403 0.5789473684210527 0.006030701754385965 0.010964912280701754
0 0.7118969298245614 0.625 0.006304824561403508 0.009502923976608187
0 0.7162828947368421 0.3570906432748538 0.0043859649122807015 0.007309941520467836
0 0.7239583333333334 0.6476608187134503 0.006030701754385965 0.010964912280701754
0 0.7275219298245614 0.6352339181286549 0.006853070175438596 0.01023391812865497
0 0.7302631578947368 0.339546783625731 0.00356359649122807 0.005116959064327485
0 0.731359649122807 0.46308479532163743 0.004934210526315789 0.007309941520467836
0 0.7351973684210527 0.856359649122807 0.0043859649122807015 0.007675438596491228
0 0.7371162280701754 0.5800438596491229 0.006304824561403508 0.009502923976608187
0 0.7415021929824561 0.8625730994152047 0.004934210526315789 0.008406432748538011
0 0.7425986842105263 0.30116959064327486 0.004934210526315789 0.007309941520467836
0 0.75 0.0581140350877193 0.006304824561403508 0.010964912280701754
0 0.7521929824561403 0.2894736842105263 0.0043859649122807015 0.007309941520467836
0 0.7552083333333334 0.13559941520467836 0.004934210526315789 0.007675438596491228
0 0.7576754385964912 0.062134502923976605 0.0043859649122807015 0.009868421052631578
0 0.7576754385964912 0.4195906432748538 0.0043859649122807015 0.007309941520467836
0 0.7609649122807017 0.07821637426900585 0.004660087719298245 0.007309941520467836
0 0.7620614035087719 0.0668859649122807 0.005756578947368421 0.008771929824561403
0 0.7658991228070176 0.7141812865497076 0.006578947368421052 0.009502923976608187
0 0.768640350877193 0.5175438596491229 0.009594298245614035 0.016812865497076022
0 0.7708333333333334 0.0804093567251462 0.005482456140350877 0.009868421052631578
0 0.7708333333333334 0.8464912280701754 0.004934210526315789 0.007675438596491228
0 0.7754934210526315 0.25292397660818716 0.00712719298245614 0.01023391812865497
0 0.7771381578947368 0.0891812865497076 0.006304824561403508 0.008406432748538011
0 0.778234649122807 0.3669590643274854 0.005756578947368421 0.00804093567251462
0 0.7815241228070176 0.8373538011695907 0.004660087719298245 0.010964912280701754
0 0.7870065789473685 0.42872807017543857 0.005208333333333333 0.006944444444444444
0 0.787828947368421 0.08698830409356725 0.006030701754385965 0.008771929824561403
0 0.787828947368421 0.4236111111111111 0.004934210526315789 0.0062134502923976605
0 0.7883771929824561 0.12755847953216373 0.005482456140350877 0.008771929824561403
0 0.7919407894736842 0.706140350877193 0.006578947368421052 0.008771929824561403
0 0.7996162280701754 0.2982456140350877 0.005756578947368421 0.007309941520467836
0 0.8004385964912281 0.4440789473684211 0.003837719298245614 0.005847953216374269
0 0.8020833333333334 0.2547514619883041 0.004934210526315789 0.006578947368421052
0 0.8072916666666666 0.8304093567251462 0.006030701754385965 0.008771929824561403
0 0.8144188596491229 0.23135964912280702 0.006030701754385965 0.01023391812865497
0 0.8144188596491229 0.3472222222222222 0.004934210526315789 0.007309941520467836
0 0.8199013157894737 0.2361111111111111 0.006030701754385965 0.008406432748538011
0 0.8218201754385965 0.22989766081871346 0.004660087719298245 0.007675438596491228
0 0.8240131578947368 0.3746345029239766 0.005208333333333333 0.008771929824561403
0 0.8242872807017544 0.260233918128655 0.0043859649122807015 0.007309941520467836
0 0.8256578947368421 0.2744883040935672 0.005208333333333333 0.005482456140350877
0 0.8305921052631579 0.6600877192982456 0.006853070175438596 0.01023391812865497
0 0.8319627192982456 0.06505847953216375 0.006578947368421052 0.011695906432748537
0 0.8401864035087719 0.17105263157894737 0.005756578947368421 0.008771929824561403
0 0.8412828947368421 0.06323099415204679 0.006304824561403508 0.009502923976608187
0 0.8412828947368421 0.24305555555555555 0.005208333333333333 0.007309941520467836
0 0.84375 0.054093567251461985 0.004934210526315789 0.009137426900584795
0 0.8486842105263158 0.0533625730994152 0.005756578947368421 0.009868421052631578
0 0.8574561403508771 0.23793859649122806 0.005756578947368421 0.0062134502923976605
0 0.865953947368421 0.2679093567251462 0.004934210526315789 0.007309941520467836
0 0.8662280701754386 0.13742690058479531 0.006578947368421052 0.01023391812865497
0 0.8662280701754386 0.1834795321637427 0.006304824561403508 0.009502923976608187
0 0.8678728070175439 0.7101608187134503 0.006304824561403508 0.008771929824561403
0 0.8706140350877193 0.13450292397660818 0.004660087719298245 0.008406432748538011
0 0.8739035087719298 0.19334795321637427 0.005756578947368421 0.008771929824561403
0 0.8744517543859649 0.1337719298245614 0.004660087719298245 0.009137426900584795
0 0.8856907894736842 0.2821637426900585 0.005208333333333333 0.00804093567251462
0 0.890625 0.14181286549707603 0.007401315789473684 0.01023391812865497
0 0.8944627192982456 0.14875730994152048 0.005208333333333333 0.008771929824561403
0 0.8977521929824561 0.5592105263157895 0.004111842105263158 0.006944444444444444
0 0.8988486842105263 0.054093567251461985 0.007401315789473684 0.010599415204678362
0 0.9015899122807017 0.15021929824561403 0.006030701754385965 0.00804093567251462
0 0.903234649122807 0.13304093567251463 0.006853070175438596 0.006578947368421052
0 0.9040570175438597 0.427266081871345 0.006304824561403508 0.007675438596491228
0 0.9081688596491229 0.5763888888888888 0.005482456140350877 0.007675438596491228
0 0.9095394736842105 0.5687134502923976 0.004934210526315789 0.006578947368421052
0 0.9120065789473685 0.20431286549707603 0.006030701754385965 0.008771929824561403
0 0.9122807017543859 0.13486842105263158 0.006304824561403508 0.010964912280701754
0 0.9122807017543859 0.15570175438596492 0.005756578947368421 0.0062134502923976605
0 0.9185855263157895 0.5182748538011696 0.0043859649122807015 0.007309941520467836
0 0.918859649122807 0.1648391812865497 0.005482456140350877 0.008406432748538011
0 0.9196820175438597 0.5416666666666666 0.005208333333333333 0.00804093567251462
0 0.9205043859649122 0.5836988304093568 0.005482456140350877 0.008406432748538011
0 0.9221491228070176 0.5230263157894737 0.003289473684210526 0.00402046783625731
0 0.9229714912280702 0.5142543859649122 0.00356359649122807 0.005116959064327485
0 0.9237938596491229 0.14912280701754385 0.004934210526315789 0.007309941520467836
0 0.9257127192982456 0.11805555555555555 0.007949561403508772 0.01023391812865497
0 0.9262609649122807 0.5266812865497076 0.004111842105263158 0.006944444444444444
0 0.9270833333333334 0.1695906432748538 0.005208333333333333 0.008771929824561403
0 0.9279057017543859 0.5840643274853801 0.003837719298245614 0.006578947368421052
0 0.9311951754385965 0.15716374269005848 0.004660087719298245 0.007309941520467836
0 0.9339364035087719 0.14364035087719298 0.006304824561403508 0.006578947368421052
0 0.9407894736842105 0.1341374269005848 0.006578947368421052 0.007675438596491228
0 0.944078947368421 0.40789473684210525 0.004111842105263158 0.005847953216374269
0 0.9443530701754386 0.2225877192982456 0.004660087719298245 0.006578947368421052
0 0.9446271929824561 0.40131578947368424 0.005208333333333333 0.007309941520467836
0 0.9487390350877193 0.3574561403508772 0.006853070175438596 0.007309941520467836
0 0.9512061403508771 0.16557017543859648 0.005756578947368421 0.00804093567251462
0 0.9517543859649122 0.4071637426900585 0.006304824561403508 0.006578947368421052
0 0.9520285087719298 0.2580409356725146 0.004111842105263158 0.006578947368421052
0 0.9580592105263158 0.18896198830409358 0.004934210526315789 0.00804093567251462
0 0.9586074561403509 0.4141081871345029 0.006578947368421052 0.009868421052631578
0 0.9588815789473685 0.051900584795321635 0.004660087719298245 0.006944444444444444
0 0.9618969298245614 0.3669590643274854 0.0043859649122807015 0.007309941520467836
0 0.9627192982456141 0.42105263157894735 0.006578947368421052 0.010964912280701754
0 0.9671052631578947 0.41739766081871343 0.006853070175438596 0.009502923976608187
0 0.9671052631578947 0.52046783625731 0.004660087719298245 0.00804093567251462
0 0.971765350877193 0.5248538011695907 0.0043859649122807015 0.007675438596491228
0 0.9736842105263158 0.03326023391812866 0.005208333333333333 0.005847953216374269
0 0.9906798245614035 0.08662280701754387 0.005756578947368421 0.007309941520467836
0 0.9967105263157895 0.21454678362573099 0.006304824561403508 0.009502923976608187
