0 0.04742324561403509 0.4228801169590643 0.006030701754385965 0.007309941520467836
0 0.055098684210526314 0.43128654970760233 0.006030701754385965 0.008771929824561403
0 0.06387061403508772 0.5625 0.006578947368421052 0.009502923976608187
0 0.06606359649122807 0.5701754385964912 0.005208333333333333 0.00804093567251462
0 0.07319078947368421 0.5610380116959064 0.006304824561403508 0.008771929824561403
0 0.08991228070175439 0.554093567251462 0.005208333333333333 0.00804093567251462
0 0.1356907894736842 0.16228070175438597 0.006853070175438596 0.009502923976608187
0 0.140625 0.18019005847953215 0.005756578947368421 0.00804093567251462
0 0.14117324561403508 0.1703216374269006 0.004660087719298245 0.00402046783625731
0 0.14884868421052633 0.17141812865497075 0.006853070175438596 0.008771929824561403
0 0.1493969298245614 0.6827485380116959 0.005756578947368421 0.008771929824561403
0 0.15186403508771928 0.15350877192982457 0.007949561403508772 0.008771929824561403
0 0.15296052631578946 0.6666666666666666 0.005756578947368421 0.007309941520467836
0 0.15542763157894737 0.1684941520467836 0.007401315789473684 0.009502923976608187
0 0.15652412280701755 0.652046783625731 0.005756578947368421 0.00804093567251462
0 0.1581688596491228 0.15460526315789475 0.006853070175438596 0.00804093567251462
0 0.17817982456140352 0.658625730994152 0.005208333333333333 0.011695906432748537
0 0.18969298245614036 0.17251461988304093 0.006853070175438596 0.011695906432748537
0 0.19353070175438597 0.16337719298245615 0.006578947368421052 0.00804093567251462
0 0.19682017543859648 0.6078216374269005 0.0043859649122807015 0.006578947368421052
0 0.20202850877192982 0.18823099415204678 0.005756578947368421 0.00804093567251462
0 0.20367324561403508 0.179093567251462 0.005208333333333333 0.007309941520467836
0 0.20559210526315788 0.6421783625730995 0.004111842105263158 0.007309941520467836
0 0.2118969298245614 0.6918859649122807 0.0043859649122807015 0.006578947368421052
0 0.21573464912280702 0.6081871345029239 0.005208333333333333 0.005847953216374269
0 0.24067982456140352 0.6747076023391813 0.006030701754385965 0.008771929824561403
0 0.24095394736842105 0.9426169590643275 0.005756578947368421 0.009502923976608187
0 0.24150219298245615 0.6630116959064327 0.004934210526315789 0.008771929824561403
0 0.24671052631578946 0.19773391812865498 0.006030701754385965 0.008771929824561403
0 0.2480811403508772 0.15497076023391812 0.004934210526315789 0.008771929824561403
0 0.25301535087719296 0.1834795321637427 0.005208333333333333 0.008771929824561403
0 0.2543859649122807 0.8026315789473685 0.004660087719298245 0.008771929824561403
0 0.2563048245614035 0.19005847953216373 0.004934210526315789 0.007309941520467836
0 0.2584978070175439 0.8132309941520468 0.004934210526315789 0.00804093567251462
0 0.26398026315789475 0.15752923976608188 0.005756578947368421 0.006578947368421052
0 0.27165570175438597 0.9411549707602339 0.006304824561403508 0.00804093567251462
0 0.29276315789473684 0.2459795321637427 0.004660087719298245 0.006578947368421052
0 0.29906798245614036 0.2880116959064328 0.006304824561403508 0.007309941520467836
0 0.3034539473684211 0.28983918128654973 0.005756578947368421 0.006578947368421052
0 0.30372807017543857 0.3048245614035088 0.006304824561403508 0.00804093567251462
0 0.3042763157894737 0.29678362573099415 0.0043859649122807015 0.005116959064327485
0 0.3086622807017544 0.2887426900584795 0.004934210526315789 0.009502923976608187
0 0.30893640350877194 0.8947368421052632 0.005756578947368421 0.008771929824561403
0 0.32209429824561403 0.18969298245614036 0.005756578947368421 0.01023391812865497
0 0.32593201754385964 0.18823099415204678 0.006304824561403508 0.008771929824561403
0 0.328125 0.8516081871345029 0.003837719298245614 0.005847953216374269
0 0.32894736842105265 0.1739766081871345 0.004660087719298245 0.006578947368421052
0 0.32894736842105265 0.27631578947368424 0.004660087719298245 0.006578947368421052
0 0.3399122807017544 0.5226608187134503 0.004660087719298245 0.006578947368421052
0 0.34292763157894735 0.3128654970760234 0.005756578947368421 0.0062134502923976605
0 0.34347587719298245 0.3044590643274854 0.004660087719298245 0.005847953216374269
0 0.34923245614035087 0.1962719298245614 0.006304824561403508 0.009502923976608187
0 0.3541666666666667 0.19554093567251463 0.006578947368421052 0.007675438596491228
0 0.35444078947368424 0.4780701754385965 0.006030701754385965 0.006578947368421052
0 0.3549890350877193 0.6432748538011696 0.005756578947368421 0.007309941520467836
0 0.35663377192982454 0.18896198830409358 0.004111842105263158 0.005482456140350877
0 0.3569078947368421 0.3165204678362573 0.003837719298245614 0.005482456140350877
0 0.359375 0.4780701754385965 0.0030153508771929823 0.005116959064327485
0 0.359375 0.5040204678362573 0.004111842105263158 0.006578947368421052
0 0.36101973684210525 0.29385964912280704 0.005208333333333333 0.006578947368421052
0 0.36156798245614036 0.19919590643274854 0.006578947368421052 0.0062134502923976605
0 0.36403508771929827 0.6440058479532164 0.0043859649122807015 0.007309941520467836
0 0.36430921052631576 0.5263157894736842 0.0043859649122807015 0.00804093567251462
0 0.36622807017543857 0.2880116959064328 0.004934210526315789 0.00804093567251462
0 0.3675986842105263 0.19078947368421054 0.0043859649122807015 0.005847953216374269
0 0.3675986842105263 0.19736842105263158 0.005756578947368421 0.006944444444444444
0 0.3686951754385965 0.797514619883041 0.0043859649122807015 0.006578947368421052
0 0.36951754385964913 0.29349415204678364 0.006030701754385965 0.00804093567251462
0 0.3706140350877193 0.18457602339181287 0.004660087719298245 0.007309941520467836
0 0.3730811403508772 0.748172514619883 0.004660087719298245 0.008771929824561403
0 0.37417763157894735 0.7880116959064327 0.004660087719298245 0.008771929824561403
0 0.37609649122807015 0.25840643274853803 0.005756578947368421 0.009502923976608187
0 0.3788377192982456 0.1834795321637427 0.005756578947368421 0.006944444444444444
0 0.3815789473684211 0.7277046783625731 0.0043859649122807015 0.006578947368421052
0 0.3824013157894737 0.32419590643274854 0.003837719298245614 0.006578947368421052
0 0.38788377192982454 0.1915204678362573 0.004660087719298245 0.00804093567251462
0 0.3887061403508772 0.3925438596491228 0.004934210526315789 0.007309941520467836
0 0.3887061403508772 0.4908625730994152 0.0043859649122807015 0.005116959064327485
0 0.38898026315789475 0.2240497076023392 0.0043859649122807015 0.007675438596491228
0 0.390625 0.23538011695906433 0.004660087719298245 0.008406432748538011
0 0.39144736842105265 0.3333333333333333 0.003837719298245614 0.007309941520467836
0 0.3919956140350877 0.19736842105263158 0.005208333333333333 0.005482456140350877
0 0.39226973684210525 0.49890350877192985 0.004660087719298245 0.007309941520467836
0 0.3925438596491228 0.658625730994152 0.004934210526315789 0.006578947368421052
0 0.39281798245614036 0.2134502923976608 0.005756578947368421 0.008771929824561403
0 0.39364035087719296 0.5460526315789473 0.0043859649122807015 0.007309941520467836
0 0.3988486842105263 0.5910087719298246 0.0043859649122807015 0.007309941520467836
0 0.40021929824561403 0.22185672514619884 0.006030701754385965 0.00804093567251462
0 0.40021929824561403 0.32492690058479534 0.003837719298245614 0.007675438596491228
0 0.40405701754385964 0.21783625730994152 0.0043859649122807015 0.004751461988304093
0 0.40460526315789475 0.22587719298245615 0.003837719298245614 0.007675438596491228
0 0.40460526315789475 0.4934210526315789 0.0043859649122807015 0.007309941520467836
0 0.4057017543859649 0.32346491228070173 0.004934210526315789 0.005482456140350877
0 0.4067982456140351 0.2803362573099415 0.004111842105263158 0.006944444444444444
0 0.40789473684210525 0.18896198830409358 0.006030701754385965 0.009137426900584795
0 0.40926535087719296 0.14437134502923976 0.006030701754385965 0.007675438596491228
0 0.40926535087719296 0.30994152046783624 0.004660087719298245 0.007309941520467836
0 0.40926535087719296 0.43201754385964913 0.003289473684210526 0.004751461988304093
0 0.4100877192982456 0.2507309941520468 0.004660087719298245 0.006578947368421052
0 0.4114583333333333 0.23428362573099415 0.005482456140350877 0.007309941520467836
0 0.41310307017543857 0.6513157894736842 0.0043859649122807015 0.00804093567251462
0 0.4133771929824561 0.25182748538011696 0.004660087719298245 0.007675438596491228
0 0.4141995614035088 0.26535087719298245 0.005208333333333333 0.005482456140350877
0 0.4141995614035088 0.31359649122807015 0.004660087719298245 0.007309941520467836
0 0.41721491228070173 0.24707602339181287 0.0043859649122807015 0.005847953216374269
0 0.4180372807017544 0.26937134502923976 0.00356359649122807 0.005116959064327485
0 0.4185855263157895 0.2810672514619883 0.004111842105263158 0.007309941520467836
0 0.4232456140350877 0.20358187134502925 0.00356359649122807 0.00402046783625731
0 0.42461622807017546 0.6089181286549707 0.0043859649122807015 0.006578947368421052
0 0.42872807017543857 0.30628654970760233 0.005208333333333333 0.00804093567251462
0 0.43064692982456143 0.9718567251461988 0.0043859649122807015 0.005847953216374269
0 0.4331140350877193 0.5467836257309941 0.0043859649122807015 0.005847953216374269
0 0.43393640350877194 0.971125730994152 0.004111842105263158 0.005847953216374269
0 0.43640350877192985 0.5219298245614035 0.005208333333333333 0.00804093567251462
0 0.43640350877192985 0.6330409356725146 0.004934210526315789 0.008771929824561403
0 0.43667763157894735 0.3161549707602339 0.004934210526315789 0.00804093567251462
0 0.43969298245614036 0.21929824561403508 0.004934210526315789 0.008771929824561403
0 0.4418859649122807 0.4718567251461988 0.004660087719298245 0.00804093567251462
0 0.44353070175438597 0.24707602339181287 0.004934210526315789 0.005482456140350877
0 0.4449013157894737 0.2189327485380117 0.004934210526315789 0.007675438596491228
0 0.4465460526315789 0.23720760233918128 0.005208333333333333 0.00804093567251462
0 0.45531798245614036 0.9451754385964912 0.005756578947368421 0.007309941520467836
0 0.4564144736842105 0.3205409356725146 0.003837719298245614 0.0043859649122807015
0 0.4569627192982456 0.22551169590643275 0.005208333333333333 0.008771929824561403
0 0.4605263157894737 0.7956871345029239 0.006304824561403508 0.01023391812865497
0 0.46189692982456143 0.5972222222222222 0.0043859649122807015 0.006578947368421052
0 0.4649122807017544 0.5405701754385965 0.00356359649122807 0.005482456140350877
0 0.4654605263157895 0.4407894736842105 0.004934210526315789 0.007675438596491228
0 0.4654605263157895 0.793859649122807 0.004660087719298245 0.00804093567251462
0 0.46902412280701755 0.7949561403508771 0.003289473684210526 0.006944444444444444
0 0.4758771929824561 0.38742690058479534 0.0043859649122807015 0.006578947368421052
0 0.4764254385964912 0.3790204678362573 0.003289473684210526 0.005116959064327485
0 0.4805372807017544 0.5314327485380117 0.0043859649122807015 0.005847953216374269
0 0.48081140350877194 0.2817982456140351 0.004111842105263158 0.006578947368421052
0 0.48163377192982454 0.5405701754385965 0.003837719298245614 0.005847953216374269
0 0.48327850877192985 0.3706140350877193 0.003837719298245614 0.007309941520467836
0 0.4838267543859649 0.28362573099415206 0.004111842105263158 0.0062134502923976605
0 0.4849232456140351 0.32456140350877194 0.004111842105263158 0.005482456140350877
0 0.48519736842105265 0.26242690058479534 0.005756578947368421 0.00804093567251462
0 0.48547149122807015 0.3644005847953216 0.005208333333333333 0.005847953216374269
0 0.48601973684210525 0.6673976608187134 0.004111842105263158 0.005847953216374269
0 0.4868421052631579 0.714546783625731 0.0043859649122807015 0.00804093567251462
0 0.4876644736842105 0.6593567251461988 0.0043859649122807015 0.00804093567251462
0 0.48793859649122806 0.6717836257309941 0.0030153508771929823 0.0043859649122807015
0 0.4882127192982456 0.2858187134502924 0.004934210526315789 0.00804093567251462
0 0.48903508771929827 0.5497076023391813 0.00356359649122807 0.005116959064327485
0 0.49122807017543857 0.7174707602339181 0.004660087719298245 0.00804093567251462
0 0.4917763157894737 0.685672514619883 0.004660087719298245 0.006578947368421052
0 0.49588815789473684 0.3706140350877193 0.005482456140350877 0.007309941520467836
0 0.4961622807017544 0.2891081871345029 0.00356359649122807 0.005482456140350877
0 0.5013706140350878 0.4144736842105263 0.006030701754385965 0.01023391812865497
0 0.5024671052631579 0.4926900584795322 0.005208333333333333 0.007309941520467836
0 0.503015350877193 0.42251461988304095 0.005756578947368421 0.007309941520467836
0 0.5038377192982456 0.5197368421052632 0.0043859649122807015 0.00804093567251462
0 0.5071271929824561 0.5946637426900585 0.0030153508771929823 0.005847953216374269
0 0.5082236842105263 0.2850877192982456 0.005208333333333333 0.009502923976608187
0 0.5104166666666666 0.5939327485380117 0.00356359649122807 0.005847953216374269
0 0.512609649122807 0.5891812865497076 0.004660087719298245 0.007309941520467836
0 0.5134320175438597 0.5116959064327485 0.004934210526315789 0.007309941520467836
0 0.5137061403508771 0.5855263157894737 0.00356359649122807 0.005116959064327485
0 0.5150767543859649 0.7602339181286549 0.004934210526315789 0.007309941520467836
0 0.5200109649122807 0.46747076023391815 0.0043859649122807015 0.007309941520467836
0 0.5216557017543859 0.35014619883040937 0.0043859649122807015 0.004751461988304093
0 0.5219298245614035 0.4788011695906433 0.00356359649122807 0.005116959064327485
0 0.5227521929824561 0.46235380116959063 0.006304824561403508 0.009502923976608187
0 0.5238486842105263 0.6772660818713451 0.00356359649122807 0.005116959064327485
0 0.524671052631579 0.54203216374269 0.003837719298245614 0.005482456140350877
0 0.5254934210526315 0.8300438596491229 0.003837719298245614 0.005847953216374269
0 0.528234649122807 0.49817251461988304 0.00356359649122807 0.0043859649122807015
0 0.5287828947368421 0.5080409356725146 0.0043859649122807015 0.006578947368421052
0 0.5287828947368421 0.5990497076023392 0.005208333333333333 0.009502923976608187
0 0.5293311403508771 0.472953216374269 0.0043859649122807015 0.006578947368421052
0 0.5307017543859649 0.49817251461988304 0.00356359649122807 0.0043859649122807015
0 0.5328947368421053 0.4612573099415205 0.004660087719298245 0.006578947368421052
0 0.5331688596491229 0.4692982456140351 0.005756578947368421 0.008406432748538011
0 0.5356359649122807 0.5197368421052632 0.004111842105263158 0.007309941520467836
0 0.5394736842105263 0.8241959064327485 0.004934210526315789 0.00804093567251462
0 0.540296052631579 0.39473684210526316 0.003837719298245614 0.005847953216374269
0 0.540296052631579 0.7328216374269005 0.004660087719298245 0.00804093567251462
0 0.5430372807017544 0.8205409356725146 0.005756578947368421 0.007309941520467836
0 0.5455043859649122 0.5595760233918129 0.003837719298245614 0.005847953216374269
0 0.5457785087719298 0.29678362573099415 0.0043859649122807015 0.006944444444444444
0 0.5479714912280702 0.5610380116959064 0.0030153508771929823 0.0062134502923976605
0 0.549890350877193 0.6845760233918129 0.005208333333333333 0.008771929824561403
0 0.5515350877192983 0.5628654970760234 0.00356359649122807 0.007675438596491228
0 0.5515350877192983 0.7094298245614035 0.005208333333333333 0.009502923976608187
0 0.5561951754385965 0.43932748538011696 0.0043859649122807015 0.006578947368421052
0 0.5578399122807017 0.3680555555555556 0.003837719298245614 0.005116959064327485
0 0.5646929824561403 0.6783625730994152 0.00356359649122807 0.0043859649122807015
0 0.5699013157894737 0.5478801169590644 0.006030701754385965 0.00804093567251462
0 0.5707236842105263 0.5409356725146199 0.0043859649122807015 0.00804093567251462
0 0.5709978070175439 0.7240497076023392 0.004660087719298245 0.007309941520467836
0 0.571546052631579 0.5884502923976608 0.0043859649122807015 0.00804093567251462
0 0.575109649122807 0.34539473684210525 0.0043859649122807015 0.006578947368421052
0 0.5762061403508771 0.6432748538011696 0.0043859649122807015 0.006578947368421052
0 0.5767543859649122 0.5482456140350878 0.005756578947368421 0.01023391812865497
0 0.5858004385964912 0.44590643274853803 0.005208333333333333 0.005847953216374269
0 0.5896381578947368 0.7514619883040936 0.004660087719298245 0.007309941520467836
0 0.5915570175438597 0.4594298245614035 0.004111842105263158 0.006578947368421052
0 0.5986842105263158 0.31469298245614036 0.0043859649122807015 0.00804093567251462
0 0.6025219298245614 0.7094298245614035 0.0043859649122807015 0.005847953216374269
0 0.6055372807017544 0.46710526315789475 0.0043859649122807015 0.006944444444444444
0 0.6071820175438597 0.4616228070175439 0.004111842105263158 0.006578947368421052
0 0.6118421052631579 0.3841374269005848 0.004111842105263158 0.00402046783625731
0 0.6118421052631579 0.46235380116959063 0.003837719298245614 0.0043859649122807015
0 0.6148574561403509 0.6798245614035088 0.004934210526315789 0.008771929824561403
0 0.6162280701754386 0.7105263157894737 0.004934210526315789 0.005847953216374269
0 0.6181469298245614 0.5350877192982456 0.0027412280701754384 0.0043859649122807015
0 0.6214364035087719 0.3961988304093567 0.0024671052631578946 0.003654970760233918
0 0.6228070175438597 0.23866959064327486 0.0043859649122807015 0.005847953216374269
0 0.6239035087719298 0.5047514619883041 0.0030153508771929823 0.0043859649122807015
0 0.6334978070175439 0.5372807017543859 0.0043859649122807015 0.006578947368421052
0 0.6474780701754386 0.5442251461988304 0.003837719298245614 0.005847953216374269
0 0.6483004385964912 0.3845029239766082 0.004934210526315789 0.007309941520467836
0 0.6491228070175439 0.5328947368421053 0.0030153508771929823 0.003289473684210526
0 0.653234649122807 0.38669590643274854 0.004111842105263158 0.005116959064327485
0 0.6559758771929824 0.5866228070175439 0.0043859649122807015 0.00804093567251462
0 0.65625 0.4557748538011696 0.004111842105263158 0.007309941520467836
0 0.6573464912280702 0.7609649122807017 0.004934210526315789 0.009502923976608187
0 0.6581688596491229 0.3888888888888889 0.004111842105263158 0.005116959064327485
0 0.6614583333333334 0.5844298245614035 0.0043859649122807015 0.007309941520467836
0 0.6617324561403509 0.3048245614035088 0.00356359649122807 0.003654970760233918
0 0.6622807017543859 0.543859649122807 0.00356359649122807 0.004751461988304093
0 0.6625548245614035 0.7668128654970761 0.00712719298245614 0.011695906432748537
0 0.6754385964912281 0.7050438596491229 0.004111842105263158 0.006944444444444444
0 0.680921052631579 0.6871345029239766 0.003289473684210526 0.005482456140350877
0 0.6820175438596491 0.7123538011695907 0.004111842105263158 0.007309941520467836
0 0.703125 0.5460526315789473 0.0027412280701754384 0.006578947368421052
0 0.7077850877192983 0.5394736842105263 0.004660087719298245 0.007309941520467836
0 0.71875 0.6048976608187134 0.0043859649122807015 0.006578947368421052
0 0.7220394736842105 0.5990497076023392 0.005756578947368421 0.009502923976608187
0 0.7283442982456141 0.5263157894736842 0.005756578947368421 0.007309941520467836
0 0.7796052631578947 0.658625730994152 0.0043859649122807015 0.006578947368421052
0 0.7916666666666666 0.5822368421052632 0.005208333333333333 0.008771929824561403
0 0.8009868421052632 0.4784356725146199 0.004934210526315789 0.007309941520467836
0 0.8012609649122807 0.6012426900584795 0.005756578947368421 0.008771929824561403
0 0.8075657894736842 0.48355263157894735 0.0043859649122807015 0.005847953216374269
0 0.8081140350877193 0.6027046783625731 0.005208333333333333 0.00804093567251462
0 0.8103070175438597 0.49744152046783624 0.005756578947368421 0.00804093567251462
0 0.8141447368421053 0.6056286549707602 0.006030701754385965 0.00804093567251462
0 0.8144188596491229 0.48866959064327486 0.005208333333333333 0.00804093567251462
0 0.8171600877192983 0.49780701754385964 0.005756578947368421 0.00804093567251462
0 0.8179824561403509 0.6070906432748538 0.005756578947368421 0.008771929824561403
0 0.821546052631579 0.49451754385964913 0.006578947368421052 0.008771929824561403
0 0.8223684210526315 0.6158625730994152 0.004934210526315789 0.00804093567251462
0 0.8242872807017544 0.6089181286549707 0.004111842105263158 0.006944444444444444
0 0.8248355263157895 0.43896198830409355 0.005482456140350877 0.005116959064327485
0 0.8248355263157895 0.6776315789473685 0.006578947368421052 0.008771929824561403
0 0.8303179824561403 0.6052631578947368 0.005756578947368421 0.00804093567251462
0 0.8305921052631579 0.5146198830409356 0.005208333333333333 0.007309941520467836
0 0.834703947368421 0.5098684210526315 0.005756578947368421 0.006578947368421052
0 0.834703947368421 0.5171783625730995 0.004660087719298245 0.006578947368421052
0 0.8396381578947368 0.7068713450292398 0.0043859649122807015 0.006578947368421052
0 0.8399122807017544 0.5197368421052632 0.005756578947368421 0.00804093567251462
0 0.8426535087719298 0.5116959064327485 0.004934210526315789 0.00804093567251462
0 0.8442982456140351 0.4298245614035088 0.005208333333333333 0.0062134502923976605
0 0.8495065789473685 0.6900584795321637 0.004934210526315789 0.00804093567251462
0 0.8516995614035088 0.43128654970760233 0.004660087719298245 0.007309941520467836
0 0.8533442982456141 0.6926169590643275 0.006030701754385965 0.01023391812865497
0 0.8538925438596491 0.33150584795321636 0.004660087719298245 0.006578947368421052
0 0.8549890350877193 0.6988304093567251 0.005756578947368421 0.005116959064327485
0 0.8580043859649122 0.5519005847953217 0.006304824561403508 0.008771929824561403
0 0.8640350877192983 0.4338450292397661 0.004934210526315789 0.005482456140350877
0 0.8656798245614035 0.42909356725146197 0.006304824561403508 0.006944444444444444
0 0.8681469298245614 0.39437134502923976 0.004934210526315789 0.00804093567251462
0 0.8686951754385965 0.3088450292397661 0.005208333333333333 0.006578947368421052
0 0.8755482456140351 0.32090643274853803 0.006578947368421052 0.006578947368421052
0 0.8758223684210527 0.43603801169590645 0.006304824561403508 0.009137426900584795
0 0.8884320175438597 0.5698099415204678 0.005756578947368421 0.0062134502923976605
0 0.890625 0.3848684210526316 0.0043859649122807015 0.006944444444444444
0 0.890625 0.5639619883040936 0.005756578947368421 0.00804093567251462
0 0.893640350877193 0.4027777777777778 0.0043859649122807015 0.0062134502923976605
0 0.8952850877192983 0.28399122807017546 0.005208333333333333 0.005116959064327485
0 0.8952850877192983 0.3845029239766082 0.005208333333333333 0.0043859649122807015
0 0.8963815789473685 0.5712719298245614 0.006030701754385965 0.008771929824561403
0 0.9021381578947368 0.39108187134502925 0.004111842105263158 0.006944444444444444
0 0.903234649122807 0.4777046783625731 0.005482456140350877 0.007309941520467836
0 0.9040570175438597 0.6622807017543859 0.003289473684210526 0.004751461988304093
0 0.9043311403508771 0.5679824561403509 0.005208333333333333 0.0062134502923976605
0 0.9048793859649122 0.4031432748538012 0.004660087719298245 0.006578947368421052
0 0.9073464912280702 0.48501461988304095 0.004934210526315789 0.005847953216374269
0 0.9081688596491229 0.3881578947368421 0.004660087719298245 0.007309941520467836
0 0.9084429824561403 0.3220029239766082 0.006304824561403508 0.006944444444444444
0 0.909265350877193 0.9941520467836257 0.006304824561403508 0.007675438596491228
0 0.9120065789473685 0.48757309941520466 0.0043859649122807015 0.005482456140350877
0 0.9158442982456141 0.5226608187134503 0.004660087719298245 0.005847953216374269
0 0.9161184210526315 0.5124269005847953 0.004934210526315789 0.005847953216374269
0 0.9172149122807017 0.4996345029239766 0.004111842105263158 0.0062134502923976605
0 0.9183114035087719 0.34100877192982454 0.005756578947368421 0.005482456140350877
0 0.9281798245614035 0.4824561403508772 0.005756578947368421 0.007309941520467836
0 0.9407894736842105 0.6111111111111112 0.005208333333333333 0.0062134502923976605
0 0.9410635964912281 0.5760233918128655 0.00356359649122807 0.005482456140350877
0 0.944078947368421 0.47112573099415206 0.004934210526315789 0.007309941520467836
0 0.9449013157894737 0.6034356725146199 0.005482456140350877 0.005116959064327485
0 0.9457236842105263 0.4820906432748538 0.005208333333333333 0.006578947368421052
0 0.946546052631579 0.5796783625730995 0.0043859649122807015 0.00402046783625731
0 0.9608004385964912 0.48757309941520466 0.006304824561403508 0.0043859649122807015
0 0.9649122807017544 0.5910087719298246 0.005208333333333333 0.006578947368421052
0 0.9654605263157895 0.48391812865497075 0.005482456140350877 0.005847953216374269
0 0.9660087719298246 0.4904970760233918 0.005756578947368421 0.005847953216374269
0 0.9662828947368421 0.4762426900584795 0.005482456140350877 0.007675438596491228
0 0.96875 0.5866228070175439 0.0030153508771929823 0.0062134502923976605
0 0.9794407894736842 0.6323099415204678 0.0043859649122807015 0.0062134502923976605
0 0.9830043859649122 0.49415204678362573 0.0043859649122807015 0.0062134502923976605
0 0.9876644736842105 0.4904970760233918 0.0043859649122807015 0.007309941520467836
0 0.9882127192982456 0.6257309941520468 0.006030701754385965 0.007309941520467836
