0 0.0266812865497076 0.7908442982456141 0.013523391812865496 0.011787280701754386
0 0.051900584795321635 0.7214912280701754 0.007675438596491228 0.006030701754385965
0 0.055190058479532164 0.7236842105263158 0.009137426900584795 0.009046052631578948
0 0.10562865497076024 0.549890350877193 0.011695906432748537 0.010964912280701754
0 0.10782163742690058 0.5320723684210527 0.010964912280701754 0.009046052631578948
0 0.12024853801169591 0.6622807017543859 0.010964912280701754 0.005756578947368421
0 0.12134502923976608 0.5307017543859649 0.011695906432748537 0.008771929824561403
0 0.12390350877192982 0.4139254385964912 0.014619883040935672 0.013157894736842105
0 0.125 0.6702302631578947 0.010964912280701754 0.009046052631578948
0 0.13523391812865498 0.41694078947368424 0.010964912280701754 0.011787280701754386
0 0.13742690058479531 0.6540570175438597 0.011695906432748537 0.010964912280701754
0 0.15570175438596492 0.6743421052631579 0.007309941520467836 0.006578947368421052
0 0.1600877192982456 0.9366776315789473 0.015350877192982455 0.011787280701754386
0 0.16922514619883042 0.6721491228070176 0.009502923976608187 0.007401315789473684
0 0.17653508771929824 0.6875 0.013157894736842105 0.012335526315789474
0 0.1783625730994152 0.9706688596491229 0.012426900584795321 0.012609649122807017
0 0.19992690058479531 0.759046052631579 0.012426900584795321 0.01069078947368421
0 0.2101608187134503 0.6957236842105263 0.01023391812865497 0.007401315789473684
0 0.21235380116959066 0.6836622807017544 0.011695906432748537 0.006853070175438596
0 0.2152777777777778 0.40131578947368424 0.007309941520467836 0.006304824561403508
0 0.2189327485380117 0.6968201754385965 0.010964912280701754 0.008771929824561403
0 0.2233187134502924 0.7209429824561403 0.008771929824561403 0.006030701754385965
0 0.22514619883040934 0.9879385964912281 0.014619883040935672 0.011239035087719298
0 0.22624269005847952 0.3983004385964912 0.01023391812865497 0.007949561403508772
0 0.26644736842105265 0.3985745614035088 0.007309941520467836 0.006853070175438596
0 0.26937134502923976 0.5800438596491229 0.010599415204678362 0.008223684210526315
0 0.27485380116959063 0.5789473684210527 0.006944444444444444 0.006304824561403508
0 0.27960526315789475 0.04632675438596491 0.00804093567251462 0.007401315789473684
0 0.2843567251461988 0.02850877192982456 0.007309941520467836 0.006304824561403508
0 0.28654970760233917 0.18146929824561403 0.00804093567251462 0.007949561403508772
0 0.2880116959064328 0.5838815789473685 0.01023391812865497 0.01069078947368421
0 0.2916666666666667 0.04084429824561404 0.007309941520467836 0.00849780701754386
0 0.3081140350877193 0.11567982456140351 0.006578947368421052 0.006030701754385965
0 0.322733918128655 0.08470394736842106 0.006578947368421052 0.004660087719298245
0 0.3230994152046784 0.33031798245614036 0.01023391812865497 0.008771929824561403
0 0.32785087719298245 0.34210526315789475 0.008771929824561403 0.008771929824561403
0 0.3333333333333333 0.5419407894736842 0.005116959064327485 0.004111842105263158
0 0.3358918128654971 0.5874451754385965 0.009137426900584795 0.00849780701754386
0 0.3432017543859649 0.5194627192982456 0.005847953216374269 0.006030701754385965
0 0.3439327485380117 0.5518092105263158 0.0043859649122807015 0.006578947368421052
0 0.36659356725146197 0.5334429824561403 0.009502923976608187 0.008223684210526315
0 0.3709795321637427 0.5553728070175439 0.005847953216374269 0.0043859649122807015
0 0.39473684210526316 0.38459429824561403 0.011695906432748537 0.008771929824561403
0 0.3983918128654971 0.39035087719298245 0.009502923976608187 0.009594298245614035
0 0.3987573099415205 0.3730811403508772 0.008771929824561403 0.008223684210526315
0 0.40350877192982454 0.34265350877192985 0.009502923976608187 0.008771929824561403
0 0.4071637426900585 0.38596491228070173 0.009502923976608187 0.007401315789473684
0 0.41191520467836257 0.37280701754385964 0.005847953216374269 0.006030701754385965
0 0.41703216374269003 0.9616228070175439 0.006578947368421052 0.007675438596491228
0 0.42653508771929827 0.4766995614035088 0.007309941520467836 0.006853070175438596
0 0.4276315789473684 0.3432017543859649 0.006578947368421052 0.006304824561403508
0 0.44042397660818716 0.3588267543859649 0.005116959064327485 0.004660087719298245
0 0.4473684210526316 0.36403508771929827 0.005847953216374269 0.0043859649122807015
0 0.4586988304093567 0.5191885964912281 0.007309941520467836 0.005208333333333333
0 0.4597953216374269 0.40981359649122806 0.007309941520467836 0.007401315789473684
0 0.46016081871345027 0.37033991228070173 0.009502923976608187 0.009046052631578948
0 0.46381578947368424 0.3262061403508772 0.007309941520467836 0.004934210526315789
0 0.46381578947368424 0.35827850877192985 0.006578947368421052 0.007949561403508772
0 0.46381578947368424 0.4166666666666667 0.005847953216374269 0.0043859649122807015
0 0.46747076023391815 0.6285635964912281 0.005116959064327485 0.006304824561403508
0 0.47112573099415206 0.42872807017543857 0.007309941520467836 0.006030701754385965
0 0.4718567251461988 0.43722587719298245 0.00804093567251462 0.007949561403508772
0 0.4725877192982456 0.38048245614035087 0.00804093567251462 0.006578947368421052
0 0.4733187134502924 0.38760964912280704 0.00804093567251462 0.006578947368421052
0 0.47989766081871343 0.40981359649122806 0.00804093567251462 0.008771929824561403
0 0.48062865497076024 0.38596491228070173 0.008771929824561403 0.006578947368421052
0 0.48062865497076024 0.39089912280701755 0.007309941520467836 0.005208333333333333
0 0.48428362573099415 0.4141995614035088 0.008771929824561403 0.007949561403508772
0 0.4864766081871345 0.4394188596491228 0.008771929824561403 0.008223684210526315
0 0.49159356725146197 0.45668859649122806 0.00804093567251462 0.006853070175438596
0 0.5007309941520468 0.45668859649122806 0.008771929824561403 0.006853070175438596
0 0.501827485380117 0.6241776315789473 0.010964912280701754 0.006853070175438596
0 0.5036549707602339 0.4185855263157895 0.008771929824561403 0.006578947368421052
0 0.5043859649122807 0.6038925438596491 0.009502923976608187 0.007949561403508772
0 0.506578947368421 0.45202850877192985 0.00804093567251462 0.006853070175438596
0 0.5076754385964912 0.45805921052631576 0.00804093567251462 0.006578947368421052
0 0.5080409356725146 0.36814692982456143 0.007309941520467836 0.006030701754385965
0 0.5095029239766082 0.4161184210526316 0.008771929824561403 0.006578947368421052
0 0.5131578947368421 0.45614035087719296 0.00804093567251462 0.005756578947368421
0 0.5146198830409356 0.32264254385964913 0.007309941520467836 0.006304824561403508
0 0.5171783625730995 0.37609649122807015 0.00804093567251462 0.00712719298245614
0 0.5193713450292398 0.549890350877193 0.008771929824561403 0.007949561403508772
0 0.52046783625731 0.4136513157894737 0.008771929824561403 0.007949561403508772
0 0.5208333333333334 0.37801535087719296 0.005116959064327485 0.006030701754385965
0 0.5226608187134503 0.36814692982456143 0.008771929824561403 0.005756578947368421
0 0.5248538011695907 0.3242872807017544 0.007309941520467836 0.006304824561403508
0 0.5248538011695907 0.38843201754385964 0.007309941520467836 0.006578947368421052
0 0.5296052631578947 0.3667763157894737 0.009502923976608187 0.006578947368421052
0 0.5332602339181286 0.38377192982456143 0.006578947368421052 0.006030701754385965
0 0.5350877192982456 0.23355263157894737 0.005116959064327485 0.004660087719298245
0 0.535453216374269 0.3788377192982456 0.00804093567251462 0.006853070175438596
0 0.5387426900584795 0.3645833333333333 0.009137426900584795 0.006304824561403508
0 0.5551900584795322 0.47286184210526316 0.005847953216374269 0.004660087719298245
0 0.5866228070175439 0.43475877192982454 0.005847953216374269 0.005756578947368421
0 0.5869883040935673 0.3207236842105263 0.00804093567251462 0.006304824561403508
0 0.5899122807017544 0.42790570175438597 0.006578947368421052 0.006578947368421052
0 0.5917397660818714 0.45394736842105265 0.00804093567251462 0.006578947368421052
0 0.5932017543859649 0.31222587719298245 0.007309941520467836 0.005208333333333333
0 0.5953947368421053 0.49588815789473684 0.005116959064327485 0.004660087719298245
0 0.596125730994152 0.31743421052631576 0.007309941520467836 0.006030701754385965
0 0.596125730994152 0.45805921052631576 0.007309941520467836 0.005756578947368421
0 0.5972222222222222 0.503015350877193 0.007309941520467836 0.006304824561403508
0 0.5975877192982456 0.3541666666666667 0.006578947368421052 0.005756578947368421
0 0.5990497076023392 0.4975328947368421 0.005847953216374269 0.006578947368421052
0 0.6005116959064327 0.31469298245614036 0.007309941520467836 0.006578947368421052
0 0.6034356725146199 0.29413377192982454 0.00804093567251462 0.006578947368421052
0 0.6048976608187134 0.47834429824561403 0.006578947368421052 0.005756578947368421
0 0.6085526315789473 0.4745065789473684 0.00804093567251462 0.006030701754385965
0 0.610014619883041 0.45614035087719296 0.007309941520467836 0.006304824561403508
0 0.6111111111111112 0.4081688596491228 0.007309941520467836 0.006578947368421052
0 0.6111111111111112 0.46189692982456143 0.007309941520467836 0.005208333333333333
0 0.6154970760233918 0.5106907894736842 0.005116959064327485 0.004660087719298245
0 0.6385233918128655 0.4692982456140351 0.005482456140350877 0.005208333333333333
0 0.64546783625731 0.3881578947368421 0.005847953216374269 0.005208333333333333
0 0.6458333333333334 0.5345394736842105 0.005482456140350877 0.0043859649122807015
0 0.6695906432748538 0.5172697368421053 0.006578947368421052 0.006304824561403508
0 0.6853070175438597 0.40981359649122806 0.0062134502923976605 0.005482456140350877
0 0.7035818713450293 0.46463815789473684 0.003654970760233918 0.004660087719298245
0 0.7043128654970761 0.4029605263157895 0.005116959064327485 0.004660087719298245
0 0.7050438596491229 0.44216008771929827 0.005116959064327485 0.004660087719298245
0 0.7054093567251462 0.43585526315789475 0.004751461988304093 0.0043859649122807015
0 0.706140350877193 0.49588815789473684 0.0043859649122807015 0.004111842105263158
0 0.7105263157894737 0.44216008771929827 0.005116959064327485 0.004660087719298245
0 0.7130847953216374 0.3873355263157895 0.00804093567251462 0.005756578947368421
0 0.714546783625731 0.45723684210526316 0.005116959064327485 0.0043859649122807015
0 0.716374269005848 0.453125 0.005847953216374269 0.005208333333333333
0 0.7203947368421053 0.4682017543859649 0.005116959064327485 0.0043859649122807015
0 0.7214912280701754 0.42105263157894735 0.003654970760233918 0.00356359649122807
0 0.7233187134502924 0.4643640350877193 0.005116959064327485 0.0043859649122807015
0 0.7244152046783626 0.3887061403508772 0.005847953216374269 0.005756578947368421
0 0.7280701754385965 0.4649122807017544 0.0043859649122807015 0.0043859649122807015
0 0.7291666666666666 0.4492872807017544 0.005847953216374269 0.006030701754385965
0 0.72953216374269 0.46902412280701755 0.005847953216374269 0.006030701754385965
0 0.743421052631579 0.3969298245614035 0.005847953216374269 0.004934210526315789
0 0.7558479532163743 0.49451754385964913 0.006578947368421052 0.0043859649122807015
0 0.7682748538011696 0.49698464912280704 0.005116959064327485 0.004660087719298245
0 0.8081140350877193 0.39939692982456143 0.006578947368421052 0.006304824561403508
0 0.8121345029239766 0.39528508771929827 0.006578947368421052 0.006030701754385965
0 0.8139619883040936 0.3991228070175439 0.005847953216374269 0.005208333333333333
0 0.8205409356725146 0.28207236842105265 0.006578947368421052 0.005756578947368421
