0 0.16748903508771928 0.5888157894736842 0.007949561403508772 0.012426900584795321
0 0.1806469298245614 0.4769736842105263 0.006578947368421052 0.009502923976608187
0 0.18832236842105263 0.48464912280701755 0.005208333333333333 0.007309941520467836
0 0.18887061403508773 0.597953216374269 0.007401315789473684 0.011695906432748537
0 0.18914473684210525 0.5321637426900585 0.006304824561403508 0.012426900584795321
0 0.3892543859649123 0.631578947368421 0.006304824561403508 0.01023391812865497
0 0.4613486842105263 0.6710526315789473 0.005756578947368421 0.009502923976608187
0 0.6378837719298246 0.5489766081871345 0.006030701754385965 0.010964912280701754
0 0.6759868421052632 0.8048245614035088 0.009046052631578948 0.011695906432748537
0 0.7631578947368421 0.7850877192982456 0.008771929824561403 0.013157894736842105
0 0.7658991228070176 0.8172514619883041 0.007675438596491228 0.010964912280701754
0 0.7680921052631579 0.7777777777777778 0.007401315789473684 0.011695906432748537
0 0.7713815789473685 0.8154239766081871 0.007949561403508772 0.013888888888888888
0 0.7724780701754386 0.8011695906432749 0.00849780701754386 0.011695906432748537
0 0.7793311403508771 0.7397660818713451 0.00932017543859649 0.010964912280701754
0 0.7831688596491229 0.7733918128654971 0.00849780701754386 0.01023391812865497
0 0.7856359649122807 0.741593567251462 0.006578947368421052 0.010964912280701754
0 0.7886513157894737 0.7792397660818714 0.006853070175438596 0.010964912280701754
0 0.8122258771929824 0.75 0.009046052631578948 0.013157894736842105
0 0.8138706140350878 0.7196637426900585 0.01069078947368421 0.012426900584795321
0 0.8146929824561403 0.7624269005847953 0.008771929824561403 0.01023391812865497
0 0.8149671052631579 0.7752192982456141 0.007949561403508772 0.010964912280701754
0 0.8179824561403509 0.7894736842105263 0.00712719298245614 0.011695906432748537
0 0.819078947368421 0.7467105263157895 0.009594298245614035 0.016812865497076022
0 0.8204495614035088 0.7697368421052632 0.00712719298245614 0.009502923976608187
0 0.8212719298245614 0.7803362573099415 0.009046052631578948 0.012426900584795321
0 0.8226425438596491 0.7609649122807017 0.009046052631578948 0.011695906432748537
0 0.8237390350877193 0.7054093567251462 0.009594298245614035 0.011695906432748537
0 0.8242872807017544 0.7419590643274854 0.007401315789473684 0.013157894736842105
0 0.8242872807017544 0.7902046783625731 0.008223684210526315 0.012426900584795321
0 0.8256578947368421 0.7733918128654971 0.00849780701754386 0.012426900584795321
0 0.8344298245614035 0.8676900584795322 0.008771929824561403 0.013157894736842105
0 0.8432017543859649 0.8662280701754386 0.010142543859649123 0.011695906432748537
0 0.856359649122807 0.9385964912280702 0.006578947368421052 0.009137426900584797
0 0.8591008771929824 0.8669590643274854 0.009046052631578948 0.01023391812865497
0 0.8673245614035088 0.8556286549707602 0.006853070175438596 0.011695906432748537
0 0.8722587719298246 0.971125730994152 0.00849780701754386 0.013888888888888888
0 0.8763706140350878 0.8296783625730995 0.009594298245614035 0.02010233918128655
0 0.8763706140350878 0.8929093567251462 0.005208333333333333 0.012426900584795321
0 0.8884320175438597 0.8417397660818714 0.00849780701754386 0.013157894736842105
0 0.8941885964912281 0.8366228070175439 0.007401315789473684 0.010964912280701754
0 0.9051535087719298 0.9005847953216374 0.009594298245614035 0.013157894736842105
0 0.9172149122807017 0.918859649122807 0.01069078947368421 0.013157894736842105
0 0.9306469298245614 0.9203216374269005 0.006853070175438596 0.009502923976608187
