0 0.024945175438596492 0.26608187134502925 0.005756578947368421 0.00804093567251462
0 0.029605263157894735 0.26498538011695905 0.00712719298245614 0.011695906432748537
0 0.044407894736842105 0.27046783625730997 0.009594298245614035 0.009502923976608187
0 0.05098684210526316 0.24013157894736842 0.006853070175438596 0.009502923976608187
0 0.0756578947368421 0.277046783625731 0.006578947368421052 0.01023391812865497
0 0.07648026315789473 0.2880116959064328 0.006304824561403508 0.007309941520467836
0 0.08305921052631579 0.6535087719298246 0.015625 0.02412280701754386
0 0.09100877192982457 0.5460526315789473 0.010142543859649123 0.015350877192982455
0 0.11567982456140351 0.4239766081871345 0.006578947368421052 0.008771929824561403
0 0.1356907894736842 0.18494152046783627 0.006578947368421052 0.010964912280701754
0 0.14391447368421054 0.5763888888888888 0.00849780701754386 0.010964912280701754
0 0.14583333333333334 0.15862573099415206 0.007949561403508772 0.010964912280701754
0 0.1493969298245614 0.4926900584795322 0.009046052631578948 0.013157894736842105
0 0.15021929824561403 0.596125730994152 0.010964912280701754 0.013157894736842105
0 0.15049342105263158 0.5851608187134503 0.00849780701754386 0.012426900584795321
0 0.15652412280701755 0.5372807017543859 0.009594298245614035 0.015350877192982455
0 0.1650219298245614 0.5307017543859649 0.009046052631578948 0.01608187134502924
0 0.16858552631578946 0.5445906432748538 0.008771929824561403 0.015350877192982455
0 0.17214912280701755 0.5190058479532164 0.012335526315789474 0.021929824561403508
0 0.17955043859649122 0.5021929824561403 0.013706140350877192 0.02266081871345029
0 0.18667763157894737 0.6180555555555556 0.012883771929824562 0.02046783625730994
0 0.1894188596491228 0.9323830409356725 0.00849780701754386 0.01864035087719298
0 0.19490131578947367 0.5460526315789473 0.007675438596491228 0.011695906432748537
0 0.19873903508771928 0.3267543859649123 0.00849780701754386 0.010964912280701754
0 0.19901315789473684 0.5281432748538012 0.007949561403508772 0.012792397660818713
0 0.20559210526315788 0.6213450292397661 0.009594298245614035 0.013157894736842105
0 0.20860745614035087 0.6107456140350878 0.00712719298245614 0.010964912280701754
0 0.20970394736842105 0.2909356725146199 0.008771929824561403 0.011695906432748537
0 0.21080043859649122 0.3161549707602339 0.010142543859649123 0.014985380116959063
0 0.22176535087719298 0.9488304093567251 0.009868421052631578 0.016812865497076022
0 0.2450657894736842 0.8969298245614035 0.010142543859649123 0.01608187134502924
0 0.25274122807017546 0.908625730994152 0.008223684210526315 0.014619883040935672
0 0.26206140350877194 0.9130116959064327 0.010416666666666666 0.014985380116959063
0 0.34457236842105265 0.47404970760233917 0.009594298245614035 0.012426900584795321
0 0.3462171052631579 0.5380116959064327 0.008771929824561403 0.019736842105263157
0 0.38843201754385964 0.5135233918128655 0.00932017543859649 0.017909356725146198
0 0.3972039473684211 0.4455409356725146 0.006578947368421052 0.012426900584795321
0 0.39939692982456143 0.4725877192982456 0.00849780701754386 0.009502923976608187
0 0.41639254385964913 0.4269005847953216 0.011239035087719298 0.013157894736842105
0 0.4185855263157895 0.43567251461988304 0.009594298245614035 0.01608187134502924
0 0.43640350877192985 0.38377192982456143 0.00932017543859649 0.011695906432748537
0 0.4512061403508772 0.4923245614035088 0.007401315789473684 0.011695906432748537
0 0.45614035087719296 0.47076023391812866 0.008771929824561403 0.010599415204678362
0 0.4605263157894737 0.47478070175438597 0.006853070175438596 0.011695906432748537
0 0.4616228070175439 0.3402777777777778 0.006853070175438596 0.010964912280701754
0 0.4662828947368421 0.329312865497076 0.006853070175438596 0.012426900584795321
0 0.46710526315789475 0.5292397660818714 0.006578947368421052 0.01023391812865497
0 0.4706688596491228 0.4195906432748538 0.008771929824561403 0.014619883040935672
0 0.4731359649122807 0.4689327485380117 0.010964912280701754 0.012426900584795321
0 0.4750548245614035 0.8249269005847953 0.008223684210526315 0.012426900584795321
0 0.4772478070175439 0.19773391812865498 0.01069078947368421 0.013157894736842105
0 0.4791666666666667 0.47076023391812866 0.00849780701754386 0.013157894736842105
0 0.4824561403508772 0.5953947368421053 0.006578947368421052 0.009502923976608187
0 0.48656798245614036 0.4133771929824561 0.009046052631578948 0.010964912280701754
0 0.4882127192982456 0.3172514619883041 0.008771929824561403 0.013157894736842105
0 0.506578947368421 0.2894736842105263 0.006853070175438596 0.014619883040935672
0 0.5074013157894737 0.7631578947368421 0.007675438596491228 0.012426900584795321
0 0.5131578947368421 0.2942251461988304 0.008223684210526315 0.016812865497076022
0 0.5148026315789473 0.7653508771929824 0.00932017543859649 0.014985380116959063
0 0.5175438596491229 0.777046783625731 0.010142543859649123 0.01608187134502924
0 0.518640350877193 0.8000730994152047 0.009046052631578948 0.013888888888888888
0 0.5548245614035088 0.9806286549707602 0.014528508771929825 0.021198830409356724
0 0.5553728070175439 0.2807017543859649 0.004934210526315789 0.01023391812865497
0 0.5586622807017544 0.9535818713450293 0.012883771929824562 0.019005847953216373
0 0.5644188596491229 0.7960526315789473 0.01617324561403509 0.021198830409356724
0 0.5844298245614035 0.5603070175438597 0.007401315789473684 0.012426900584795321
0 0.5868969298245614 0.7978801169590644 0.011239035087719298 0.02046783625730994
0 0.5877192982456141 0.2452485380116959 0.012883771929824562 0.017543859649122806
0 0.5879934210526315 0.22953216374269006 0.012883771929824562 0.01644736842105263
0 0.6025219298245614 0.5533625730994152 0.009046052631578948 0.01608187134502924
0 0.6055372807017544 0.25584795321637427 0.01343201754385965 0.019371345029239765
0 0.6058114035087719 0.21673976608187134 0.005756578947368421 0.008771929824561403
0 0.6137609649122807 0.21673976608187134 0.011239035087719298 0.016812865497076022
0 0.6156798245614035 0.260233918128655 0.010416666666666666 0.013888888888888888
0 0.6228070175438597 0.22185672514619884 0.008771929824561403 0.012426900584795321
0 0.6274671052631579 0.26169590643274854 0.012609649122807017 0.019005847953216373
0 0.6318530701754386 0.2803362573099415 0.009868421052631578 0.014619883040935672
0 0.634046052631579 0.2627923976608187 0.008223684210526315 0.019371345029239765
0 0.6458333333333334 0.46271929824561403 0.006304824561403508 0.009502923976608187
0 0.6537828947368421 0.48866959064327486 0.009046052631578948 0.016812865497076022
0 0.6743421052631579 0.27923976608187134 0.008771929824561403 0.013888888888888888
0 0.6757127192982456 0.2646198830409357 0.005756578947368421 0.01206140350877193
0 0.6833881578947368 0.2814327485380117 0.006304824561403508 0.011330409356725146
0 0.6872258771929824 0.4959795321637427 0.008223684210526315 0.014619883040935672
0 0.6992872807017544 0.18019005847953215 0.005208333333333333 0.010964912280701754
0 0.7003837719298246 0.1699561403508772 0.007949561403508772 0.011330409356725146
0 0.7055921052631579 0.5182748538011696 0.008223684210526315 0.014619883040935672
0 0.7058662280701754 0.17763157894736842 0.00849780701754386 0.009868421052631578
0 0.7069627192982456 0.19846491228070176 0.00712719298245614 0.012426900584795321
0 0.7088815789473685 0.5025584795321637 0.009046052631578948 0.013888888888888888
0 0.7102521929824561 0.1652046783625731 0.006578947368421052 0.010964912280701754
0 0.7118969298245614 0.5080409356725146 0.012883771929824562 0.012792397660818713
0 0.7118969298245614 0.8951023391812866 0.007949561403508772 0.011695906432748537
0 0.7129934210526315 0.13304093567251463 0.006030701754385965 0.011695906432748537
0 0.7140899122807017 0.20577485380116958 0.007401315789473684 0.010964912280701754
0 0.715734649122807 0.16447368421052633 0.00849780701754386 0.013888888888888888
0 0.7184758771929824 0.133406432748538 0.007675438596491228 0.014619883040935672
0 0.7223135964912281 0.18055555555555555 0.00849780701754386 0.010964912280701754
0 0.7247807017543859 0.1290204678362573 0.007675438596491228 0.010964912280701754
0 0.7319078947368421 0.17543859649122806 0.006578947368421052 0.009502923976608187
0 0.7661732456140351 0.643640350877193 0.009594298245614035 0.01425438596491228
0 0.8549890350877193 0.3669590643274854 0.010142543859649123 0.012792397660818713
0 0.8615679824561403 0.4133771929824561 0.007401315789473684 0.009868421052631578
0 0.8629385964912281 0.4027777777777778 0.010416666666666666 0.012426900584795321
0 0.8752741228070176 0.40387426900584794 0.012335526315789474 0.01644736842105263
0 0.9048793859649122 0.4141081871345029 0.01206140350877193 0.014985380116959063
