0 0.10197368421052631 0.8654970760233918 0.0030153508771929823 0.00402046783625731
0 0.34676535087719296 0.9660087719298246 0.0027412280701754384 0.003654970760233918
0 0.3508771929824561 0.9883040935672515 0.003837719298245614 0.005482456140350877
0 0.36156798245614036 0.9192251461988304 0.00356359649122807 0.003289473684210526
0 0.3670504385964912 0.9777046783625731 0.00356359649122807 0.003654970760233918
0 0.3711622807017544 0.9842836257309941 0.00356359649122807 0.004751461988304093
0 0.44709429824561403 0.9568713450292398 0.0030153508771929823 0.004751461988304093
0 0.5112390350877193 0.555921052631579 0.003837719298245614 0.005116959064327485
0 0.5375548245614035 0.3611111111111111 0.0024671052631578946 0.004751461988304093
0 0.5668859649122807 0.48099415204678364 0.0030153508771929823 0.004751461988304093
0 0.569078947368421 0.4861111111111111 0.003289473684210526 0.005482456140350877
0 0.5775767543859649 0.5098684210526315 0.003837719298245614 0.0062134502923976605
0 0.5800438596491229 0.45614035087719296 0.0030153508771929823 0.00402046783625731
0 0.5805921052631579 0.44992690058479534 0.0024671052631578946 0.00402046783625731
0 0.6096491228070176 0.489766081871345 0.004660087719298245 0.004751461988304093
0 0.6285635964912281 0.45760233918128657 0.0024671052631578946 0.0043859649122807015
0 0.6302083333333334 0.4513888888888889 0.0024671052631578946 0.003289473684210526
0 0.640625 0.4758771929824561 0.0027412280701754384 0.0029239766081871343
0 0.715734649122807 0.4959795321637427 0.0024671052631578946 0.003289473684210526
0 0.7206688596491229 0.4780701754385965 0.0024671052631578946 0.0025584795321637425
0 0.7245065789473685 0.483187134502924 0.0030153508771929823 0.003289473684210526
0 0.7291666666666666 0.4762426900584795 0.0030153508771929823 0.003289473684210526
0 0.7532894736842105 0.5153508771929824 0.00356359649122807 0.005847953216374269
0 0.7609649122807017 0.5197368421052632 0.0024671052631578946 0.0029239766081871343
0 0.7637061403508771 0.5369152046783626 0.0024671052631578946 0.003654970760233918
0 0.7776864035087719 0.7160087719298246 0.0024671052631578946 0.00402046783625731
0 0.7796052631578947 0.7196637426900585 0.001918859649122807 0.001827485380116959
0 0.7894736842105263 0.7138157894736842 0.003289473684210526 0.00402046783625731
0 0.8358004385964912 0.8220029239766082 0.0030153508771929823 0.003289473684210526
0 0.8399122807017544 0.8282163742690059 0.004934210526315789 0.005847953216374269
0 0.8544407894736842 0.8647660818713451 0.004660087719298245 0.006578947368421052
0 0.8670504385964912 0.8607456140350878 0.0027412280701754384 0.0043859649122807015
0 0.8739035087719298 0.8581871345029239 0.003289473684210526 0.0043859649122807015
0 0.8788377192982456 0.8790204678362573 0.0030153508771929823 0.00402046783625731
0 0.8895285087719298 0.873172514619883 0.00356359649122807 0.00402046783625731
0 0.8941885964912281 0.868421052631579 0.004660087719298245 0.0043859649122807015
