0 0.09210526315789473 0.9013157894736842 0.007949561403508772 0.005847953216374269
0 0.15104166666666666 0.9342105263157895 0.006030701754385965 0.00804093567251462
0 0.15734649122807018 0.9499269005847953 0.005208333333333333 0.009502923976608187
0 0.16474780701754385 0.9433479532163743 0.006853070175438596 0.010964912280701754
0 0.17489035087719298 0.7489035087719298 0.006304824561403508 0.01023391812865497
0 0.17598684210526316 0.8885233918128655 0.004660087719298245 0.009868421052631578
0 0.17955043859649122 0.660453216374269 0.00356359649122807 0.005847953216374269
0 0.22121710526315788 0.6491228070175439 0.00356359649122807 0.005116959064327485
0 0.22176535087719298 0.6542397660818714 0.00356359649122807 0.0043859649122807015
0 0.22998903508771928 0.7302631578947368 0.006578947368421052 0.008406432748538011
0 0.23300438596491227 0.6480263157894737 0.005482456140350877 0.004751461988304093
0 0.29797149122807015 0.9100877192982456 0.004934210526315789 0.009137426900584795
0 0.30756578947368424 0.8914473684210527 0.005482456140350877 0.009137426900584795
0 0.3867872807017544 0.72953216374269 0.004111842105263158 0.007675438596491228
0 0.41968201754385964 0.9809941520467836 0.004111842105263158 0.008406432748538011
0 0.4292763157894737 0.5869883040935673 0.004934210526315789 0.008406432748538011
0 0.4350328947368421 0.7021198830409356 0.005208333333333333 0.008406432748538011
0 0.43530701754385964 0.6984649122807017 0.004660087719298245 0.005482456140350877
0 0.45997807017543857 0.6849415204678363 0.006304824561403508 0.009502923976608187
0 0.4608004385964912 0.5789473684210527 0.004934210526315789 0.007675438596491228
0 0.46408991228070173 0.5752923976608187 0.0043859649122807015 0.006578947368421052
0 0.4673793859649123 0.9206871345029239 0.005482456140350877 0.006944444444444444
0 0.49835526315789475 0.6253654970760234 0.0043859649122807015 0.010599415204678362
0 0.5021929824561403 0.6191520467836257 0.005208333333333333 0.009868421052631578
0 0.5057565789473685 0.6180555555555556 0.005208333333333333 0.009502923976608187
0 0.5071271929824561 0.6239035087719298 0.005482456140350877 0.009502923976608187
0 0.5309758771929824 0.2277046783625731 0.004660087719298245 0.0062134502923976605
0 0.5457785087719298 0.3877923976608187 0.006030701754385965 0.008406432748538011
0 0.5490679824561403 0.9890350877192983 0.005756578947368421 0.008406432748538011
0 0.5496162280701754 0.38596491228070173 0.005756578947368421 0.009868421052631578
0 0.5540021929824561 0.6122076023391813 0.007401315789473684 0.008771929824561403
0 0.5589364035087719 0.5906432748538012 0.006853070175438596 0.01206140350877193
0 0.5592105263157895 0.9652777777777778 0.005756578947368421 0.008406432748538011
0 0.5773026315789473 0.5972222222222222 0.0043859649122807015 0.008406432748538011
0 0.5825109649122807 0.5869883040935673 0.003837719298245614 0.008406432748538011
0 0.5830592105263158 0.5986842105263158 0.003837719298245614 0.005116959064327485
0 0.587171052631579 0.5899122807017544 0.004934210526315789 0.0062134502923976605
0 0.590734649122807 0.4298245614035088 0.004934210526315789 0.006944444444444444
0 0.6296600877192983 0.7404970760233918 0.006304824561403508 0.007675438596491228
0 0.6537828947368421 0.6129385964912281 0.005208333333333333 0.007309941520467836
0 0.6803728070175439 0.6396198830409356 0.006853070175438596 0.008771929824561403
0 0.680921052631579 0.8486842105263158 0.004111842105263158 0.008406432748538011
0 0.684484649122807 0.8538011695906432 0.003837719298245614 0.00804093567251462
0 0.6861293859649122 0.44590643274853803 0.004660087719298245 0.006944444444444444
0 0.6885964912280702 0.7101608187134503 0.005756578947368421 0.009137426900584795
0 0.6896929824561403 0.4407894736842105 0.005482456140350877 0.005482456140350877
0 0.6910635964912281 0.7989766081871345 0.004934210526315789 0.008771929824561403
0 0.6927083333333334 0.7046783625730995 0.006853070175438596 0.006578947368421052
0 0.6929824561403509 0.6524122807017544 0.00712719298245614 0.009868421052631578
0 0.6954495614035088 0.6447368421052632 0.0027412280701754384 0.0062134502923976605
0 0.6968201754385965 0.6593567251461988 0.003837719298245614 0.005482456140350877
0 0.6984649122807017 0.6962719298245614 0.006853070175438596 0.0062134502923976605
0 0.7044956140350878 0.7112573099415205 0.006578947368421052 0.009502923976608187
0 0.7047697368421053 0.4861111111111111 0.006030701754385965 0.009502923976608187
0 0.7154605263157895 0.4901315789473684 0.004111842105263158 0.009137426900584795
0 0.7165570175438597 0.8709795321637427 0.005208333333333333 0.008771929824561403
0 0.71875 0.4861111111111111 0.00356359649122807 0.0062134502923976605
0 0.71875 0.7156432748538012 0.004660087719298245 0.010599415204678362
0 0.71875 0.819078947368421 0.006578947368421052 0.009868421052631578
0 0.7190241228070176 0.4919590643274854 0.003289473684210526 0.005116959064327485
0 0.7192982456140351 0.8673245614035088 0.006578947368421052 0.006944444444444444
0 0.7261513157894737 0.756578947368421 0.006853070175438596 0.01023391812865497
0 0.7302631578947368 0.42105263157894735 0.006030701754385965 0.006944444444444444
0 0.7335526315789473 0.8121345029239766 0.006304824561403508 0.012426900584795321
0 0.7341008771929824 0.8132309941520468 0.006304824561403508 0.009868421052631578
0 0.737390350877193 0.7821637426900585 0.00849780701754386 0.011695906432748537
0 0.7406798245614035 0.5413011695906432 0.00356359649122807 0.007675438596491228
0 0.7447916666666666 0.5365497076023392 0.006030701754385965 0.005847953216374269
0 0.7450657894736842 0.7843567251461988 0.006030701754385965 0.010599415204678362
0 0.7480811403508771 0.6085526315789473 0.0043859649122807015 0.007675438596491228
0 0.7502741228070176 0.5416666666666666 0.005756578947368421 0.008406432748538011
0 0.7557565789473685 0.6151315789473685 0.004111842105263158 0.007309941520467836
0 0.7593201754385965 0.6239035087719298 0.005208333333333333 0.0062134502923976605
0 0.7637061403508771 0.543859649122807 0.003837719298245614 0.0043859649122807015
0 0.7697368421052632 0.45796783625730997 0.0043859649122807015 0.007675438596491228
0 0.7730263157894737 0.5478801169590644 0.0043859649122807015 0.007309941520467836
0 0.7771381578947368 0.7426900584795322 0.008771929824561403 0.01425438596491228
0 0.7848135964912281 0.7503654970760234 0.007401315789473684 0.012792397660818713
0 0.7900219298245614 0.9554093567251462 0.005756578947368421 0.01206140350877193
0 0.7974232456140351 0.2277046783625731 0.00356359649122807 0.005482456140350877
0 0.7982456140350878 0.9594298245614035 0.007401315789473684 0.012426900584795321
0 0.8163377192982456 0.3505116959064328 0.0027412280701754384 0.0043859649122807015
0 0.8234649122807017 0.5138888888888888 0.006030701754385965 0.009137426900584795
0 0.862390350877193 0.7810672514619883 0.0043859649122807015 0.009137426900584795
0 0.8670504385964912 0.7861842105263158 0.004934210526315789 0.0062134502923976605
0 0.8730811403508771 0.19700292397660818 0.006304824561403508 0.007675438596491228
0 0.8739035087719298 0.778874269005848 0.007675438596491228 0.009868421052631578
0 0.8758223684210527 0.7865497076023392 0.006578947368421052 0.009137426900584795
0 0.8810307017543859 0.2101608187134503 0.005208333333333333 0.006578947368421052
0 0.8826754385964912 0.17653508771929824 0.006853070175438596 0.01023391812865497
0 0.8843201754385965 0.7741228070175439 0.005756578947368421 0.010964912280701754
0 0.8887061403508771 0.19407894736842105 0.005208333333333333 0.008771929824561403
0 0.8889802631578947 0.16922514619883042 0.005482456140350877 0.004751461988304093
0 0.8898026315789473 0.17178362573099415 0.006304824561403508 0.005482456140350877
0 0.8930921052631579 0.18567251461988304 0.00849780701754386 0.00804093567251462
0 0.8952850877192983 0.17763157894736842 0.006030701754385965 0.007675438596491228
0 0.8966557017543859 0.7785087719298246 0.004660087719298245 0.007675438596491228
0 0.8983004385964912 0.48757309941520466 0.005482456140350877 0.006578947368421052
0 0.9015899122807017 0.17580409356725146 0.0043859649122807015 0.007675438596491228
0 0.9021381578947368 0.7978801169590644 0.006853070175438596 0.011695906432748537
0 0.9141995614035088 0.027046783625730993 0.0021929824561403508 0.0043859649122807015
0 0.9216008771929824 0.1611842105263158 0.006030701754385965 0.006944444444444444
0 0.9377741228070176 0.6103801169590644 0.005208333333333333 0.007675438596491228
0 0.9424342105263158 0.6027046783625731 0.003289473684210526 0.005116959064327485
0 0.9459978070175439 0.6038011695906432 0.004934210526315789 0.006944444444444444
0 0.9553179824561403 0.5899122807017544 0.004660087719298245 0.005847953216374269
0 0.9684758771929824 0.09685672514619884 0.006853070175438596 0.006944444444444444
0 0.9739583333333334 0.08735380116959064 0.004934210526315789 0.009502923976608187
0 0.9756030701754386 0.09722222222222222 0.006578947368421052 0.009137426900584795
0 0.9824561403508771 0.133406432748538 0.005756578947368421 0.009868421052631578
0 0.9838267543859649 0.11366959064327485 0.005482456140350877 0.009137426900584795
0 0.9884868421052632 0.11695906432748537 0.005482456140350877 0.008771929824561403
0 0.993421052631579 0.0720029239766082 0.005482456140350877 0.009502923976608187
