0 0.04194078947368421 0.7068713450292398 0.006030701754385965 0.006944444444444444
0 0.06277412280701754 0.7386695906432749 0.007675438596491228 0.00804093567251462
0 0.12582236842105263 0.7203947368421053 0.008771929824561403 0.01023391812865497
0 0.3262061403508772 0.32821637426900585 0.006304824561403508 0.009137426900584795
0 0.33771929824561403 0.2891081871345029 0.0043859649122807015 0.007675438596491228
0 0.34676535087719296 0.3439327485380117 0.006304824561403508 0.007309941520467836
0 0.3522478070175439 0.3442982456140351 0.004934210526315789 0.006944444444444444
0 0.3632127192982456 0.8592836257309941 0.005208333333333333 0.00804093567251462
0 0.3980263157894737 0.6498538011695907 0.006853070175438596 0.010599415204678362
0 0.4331140350877193 0.6151315789473685 0.007949561403508772 0.008771929824561403
0 0.5164473684210527 0.6801900584795322 0.006304824561403508 0.00804093567251462
0 0.5361842105263158 0.43238304093567254 0.006578947368421052 0.00804093567251462
0 0.5493421052631579 0.2982456140350877 0.005208333333333333 0.00804093567251462
0 0.5652412280701754 0.29678362573099415 0.004660087719298245 0.005847953216374269
0 0.5679824561403509 0.40789473684210525 0.006578947368421052 0.011695906432748537
0 0.6417214912280702 0.5953947368421053 0.00712719298245614 0.012792397660818713
0 0.6663925438596491 0.5617690058479532 0.009046052631578948 0.013157894736842105
0 0.6880482456140351 0.6275584795321637 0.008223684210526315 0.013157894736842105
0 0.7124451754385965 0.6516812865497076 0.008223684210526315 0.006944444444444444
0 0.7453399122807017 0.7002923976608187 0.00932017543859649 0.013523391812865496
0 0.7587719298245614 0.7013888888888888 0.007401315789473684 0.008406432748538011
0 0.8262061403508771 0.5997807017543859 0.006304824561403508 0.007309941520467836
0 0.8289473684210527 0.5928362573099415 0.006304824561403508 0.009868421052631578
0 0.8536184210526315 0.543859649122807 0.007675438596491228 0.011695906432748537
