0 0.015716374269005847 0.8245614035087719 0.0222953216374269 0.01617324561403509
0 0.031432748538011694 0.8253837719298246 0.01827485380116959 0.01699561403508772
0 0.22149122807017543 0.9575109649122807 0.02046783625730994 0.01864035087719298
0 0.23428362573099415 0.9805372807017544 0.014985380116959063 0.01069078947368421
0 0.24232456140350878 0.9372258771929824 0.02046783625730994 0.015899122807017545
0 0.31432748538011696 0.9331140350877193 0.01608187134502924 0.015350877192982455
0 0.32785087719298245 0.7069627192982456 0.023757309941520467 0.01918859649122807
0 0.3475877192982456 0.5339912280701754 0.01608187134502924 0.015625
0 0.3527046783625731 0.543859649122807 0.017543859649122806 0.014802631578947368
0 0.3541666666666667 0.8020833333333334 0.011695906432748537 0.011513157894736841
0 0.3570906432748538 0.7198464912280702 0.02046783625730994 0.013157894736842105
0 0.3845029239766082 0.7675438596491229 0.017543859649122806 0.013980263157894737
0 0.385233918128655 0.753015350877193 0.027777777777777776 0.024396929824561403
0 0.3881578947368421 0.5285087719298246 0.013888888888888888 0.011513157894736841
0 0.40021929824561403 0.7453399122807017 0.01827485380116959 0.014802631578947368
0 0.4108187134502924 0.40926535087719296 0.02046783625730994 0.015350877192982455
0 0.41739766081871343 0.8969298245614035 0.02266081871345029 0.022203947368421052
0 0.4199561403508772 0.3574561403508772 0.013888888888888888 0.00932017543859649
0 0.47368421052631576 0.8898026315789473 0.021564327485380116 0.019462719298245616
0 0.5091374269005848 0.8144188596491229 0.01425438596491228 0.015899122807017545
0 0.52046783625731 0.8163377192982456 0.013157894736842105 0.015625
0 0.5497076023391813 0.5413925438596491 0.02850877192982456 0.02138157894736842
0 0.5544590643274854 0.9832785087719298 0.019736842105263157 0.024671052631578948
0 0.5698099415204678 0.6115679824561403 0.019736842105263157 0.01781798245614035
0 0.5822368421052632 0.7283442982456141 0.019005847953216373 0.017269736842105265
0 0.5924707602339181 0.5912828947368421 0.01827485380116959 0.01617324561403509
0 0.5932017543859649 0.6115679824561403 0.02046783625730994 0.015625
0 0.596125730994152 0.6600877192982456 0.015350877192982455 0.014802631578947368
0 0.596125730994152 0.7996162280701754 0.015350877192982455 0.011239035087719298
0 0.6173245614035088 0.8053728070175439 0.011695906432748537 0.008771929824561403
0 0.633406432748538 0.8618421052631579 0.01644736842105263 0.015625
0 0.6673976608187134 0.7669956140350878 0.01608187134502924 0.01343201754385965
0 0.6823830409356725 0.5778508771929824 0.019005847953216373 0.015625
0 0.6834795321637427 0.9588815789473685 0.029970760233918127 0.022478070175438597
0 0.6864035087719298 0.7319078947368421 0.016812865497076022 0.015076754385964912
0 0.6911549707602339 0.9287280701754386 0.01608187134502924 0.01836622807017544
0 0.6955409356725146 0.5696271929824561 0.01023391812865497 0.009046052631578948
0 0.6995614035087719 0.8604714912280702 0.015350877192982455 0.015625
0 0.7580409356725146 0.7653508771929824 0.01608187134502924 0.012609649122807017
0 0.7774122807017544 0.6918859649122807 0.015350877192982455 0.013706140350877192
0 0.8238304093567251 0.890625 0.012426900584795321 0.008771929824561403
0 0.8347953216374269 0.8665021929824561 0.013523391812865496 0.00932017543859649
0 0.8570906432748538 0.959703947368421 0.021564327485380116 0.024396929824561403
0 0.902046783625731 0.6570723684210527 0.005847953216374269 0.004660087719298245
0 0.9027777777777778 0.6691337719298246 0.005847953216374269 0.004660087719298245
0 0.9082602339181286 0.6148574561403509 0.005116959064327485 0.0043859649122807015
0 0.9842836257309941 0.9407894736842105 0.02046783625730994 0.011239035087719298
