0 0.013766519823788546 0.11135912698412699 0.015969162995594713 0.006944444444444444
0 0.043502202643171804 0.15203373015873015 0.007709251101321586 0.004712301587301587
0 0.05011013215859031 0.48462301587301587 0.021475770925110133 0.008432539682539682
0 0.10077092511013216 0.14930555555555555 0.011013215859030838 0.005456349206349206
0 0.10187224669603524 0.11755952380952381 0.013215859030837005 0.006696428571428571
0 0.10352422907488987 0.15401785714285715 0.010462555066079295 0.006448412698412698
0 0.11178414096916299 0.1433531746031746 0.00881057268722467 0.003224206349206349
0 0.1299559471365639 0.11929563492063493 0.013215859030837005 0.00818452380952381
0 0.2522026431718062 0.1875 0.013766519823788546 0.00818452380952381
0 0.30837004405286345 0.31225198412698413 0.014317180616740088 0.005952380952380952
0 0.3700440528634361 0.32787698412698413 0.022577092511013214 0.010912698412698412
0 0.3722466960352423 0.1515376984126984 0.025881057268722467 0.00992063492063492
0 0.3832599118942731 0.3365575396825397 0.019273127753303965 0.011160714285714286
0 0.3909691629955947 0.3628472222222222 0.0236784140969163 0.010416666666666666
0 0.3964757709251101 0.37028769841269843 0.02092511013215859 0.010912698412698412
0 0.4102422907488987 0.2993551587301587 0.01817180616740088 0.008680555555555556
0 0.4196035242290749 0.3732638888888889 0.023127753303964757 0.011160714285714286
0 0.4840308370044053 0.30505952380952384 0.0236784140969163 0.009672619047619048
0 0.5082599118942731 0.3392857142857143 0.01817180616740088 0.011656746031746032
0 0.5088105726872246 0.30481150793650796 0.018722466960352423 0.010912698412698412
0 0.5247797356828194 0.3033234126984127 0.022026431718061675 0.01240079365079365
0 0.539647577092511 0.32961309523809523 0.016519823788546256 0.008680555555555556
0 0.5440528634361234 0.3003472222222222 0.022577092511013214 0.011656746031746032
0 0.5468061674008811 0.30853174603174605 0.0236784140969163 0.010912698412698412
0 0.5479074889867841 0.23015873015873015 0.01817180616740088 0.00818452380952381
0 0.566079295154185 0.2326388888888889 0.01762114537444934 0.01066468253968254
0 0.5677312775330396 0.29737103174603174 0.0236784140969163 0.011656746031746032
0 0.5699339207048458 0.3082837301587302 0.01486784140969163 0.005952380952380952
0 0.5715859030837004 0.3167162698412698 0.022026431718061675 0.012152777777777778
0 0.5737885462555066 0.28422619047619047 0.016519823788546256 0.011904761904761904
0 0.6007709251101322 0.03571428571428571 0.012114537444933921 0.009424603174603174
0 0.6172907488986784 0.031994047619047616 0.023127753303964757 0.01314484126984127
0 0.6288546255506607 0.041914682539682536 0.025881057268722467 0.00818452380952381
0 0.6404185022026432 0.031746031746031744 0.025330396475770924 0.01240079365079365
0 0.6844713656387665 0.41592261904761907 0.017070484581497798 0.012152777777777778
0 0.8314977973568282 0.43874007936507936 0.019273127753303965 0.007192460317460317
0 0.8419603524229075 0.45535714285714285 0.01762114537444934 0.010416666666666666
