0 0.13904176211453745 0.472098253968254 0.020374625550660795 0.008184444444444444
0 0.13986784140969163 0.4729663492063492 0.019823788546255508 0.005952380952380952
0 0.3846364757709251 0.3601190476190476 0.017070660792951543 0.009424603174603174
0 0.44190519823788543 0.29563492063492064 0.013766343612334801 0.008928571428571428
0 0.45649762114537445 0.3237847619047619 0.01762114537444934 0.009176666666666668
0 0.4587006167400881 0.33097714285714286 0.02092511013215859 0.009176666666666668
0 0.4713656387665198 0.29377476190476187 0.023127753303964757 0.014136984126984128
0 0.4876102202643172 0.2889384126984127 0.02257691629955947 0.008928571428571428
0 0.4911894273127753 0.2986111111111111 0.022026431718061675 0.010416666666666666
0 0.5068831718061674 0.28782238095238094 0.023678237885462555 0.012648730158730158
0 0.5418502202643172 0.07403269841269841 0.022026431718061675 0.009672539682539682
0 0.5613987665198238 0.07465285714285715 0.024779559471365637 0.00992063492063492
0 0.5872796475770925 0.15314984126984127 0.010462378854625552 0.005208412698412699
0 0.7458701806167402 0.3960812698412698 0.020374493392070484 0.010416666666666666
0 0.7574340264317181 0.4113342857142857 0.0181717577092511 0.009672539682539682
0 0.9344713436123349 0.2728174603174603 0.020925251101321585 0.013392857142857142
