0 0.263215859030837 0.3365575396825397 0.015969162995594713 0.00744047619047619
0 0.276431718061674 0.34523809523809523 0.019823788546255508 0.010168650793650794
0 0.2907488986784141 0.3715277777777778 0.019823788546255508 0.00496031746031746
0 0.31387665198237885 0.3814484126984127 0.021475770925110133 0.008432539682539682
0 0.3513215859030837 0.3169642857142857 0.01486784140969163 0.007936507936507936
0 0.3694933920704846 0.3167162698412698 0.022577092511013214 0.008432539682539682
0 0.3893171806167401 0.34375 0.015418502202643172 0.010168650793650794
0 0.3964757709251101 0.34771825396825395 0.0236784140969163 0.011904761904761904
0 0.40473568281938327 0.31374007936507936 0.020374449339207047 0.010912698412698412
0 0.42070484581497797 0.30952380952380953 0.019823788546255508 0.008680555555555556
0 0.4251101321585903 0.31820436507936506 0.02092511013215859 0.010168650793650794
0 0.43722466960352424 0.2628968253968254 0.010462555066079295 0.008928571428571428
0 0.43942731277533037 0.30778769841269843 0.015418502202643172 0.011160714285714286
0 0.44823788546255505 0.26438492063492064 0.014317180616740088 0.007688492063492063
0 0.4487885462555066 0.3005952380952381 0.016519823788546256 0.009176587301587302
0 0.4708149779735683 0.09722222222222222 0.019823788546255508 0.007688492063492063
0 0.47962555066079293 0.09250992063492064 0.019823788546255508 0.009176587301587302
0 0.48623348017621143 0.10119047619047619 0.015969162995594713 0.006944444444444444
0 0.5005506607929515 0.09300595238095238 0.022026431718061675 0.008680555555555556
0 0.683920704845815 0.42063492063492064 0.019273127753303965 0.00992063492063492
0 0.6954845814977973 0.4367559523809524 0.016519823788546256 0.009424603174603174
0 0.7483480176211453 0.43874007936507936 0.015969162995594713 0.007936507936507936
0 0.8832599118942731 0.29389880952380953 0.02092511013215859 0.009424603174603174
0 0.9498898678414097 0.279265873015873 0.016519823788546256 0.006200396825396825
