0 0.07323788546255507 0.12797619047619047 0.010462555066079295 0.005952380952380952
0 0.16134361233480177 0.7624007936507936 0.02918502202643172 0.01240079365079365
0 0.23403083700440527 0.24057539682539683 0.01817180616740088 0.006944444444444444
0 0.2852422907488987 0.30481150793650796 0.00881057268722467 0.006448412698412698
0 0.31387665198237885 0.2621527777777778 0.015418502202643172 0.013888888888888888
0 0.31773127753303965 0.2740575396825397 0.011563876651982379 0.007688492063492063
0 0.35737885462555063 0.09722222222222222 0.020374449339207047 0.007192460317460317
0 0.3584801762114537 0.028769841269841268 0.015969162995594713 0.008432539682539682
0 0.44438325991189426 0.2544642857142857 0.021475770925110133 0.011408730158730158
0 0.44493392070484583 0.2926587301587302 0.019273127753303965 0.007688492063492063
0 0.46145374449339205 0.29216269841269843 0.01486784140969163 0.006696428571428571
0 0.46751101321585903 0.29662698412698413 0.013215859030837005 0.005456349206349206
0 0.4713656387665198 0.25967261904761907 0.019273127753303965 0.008928571428571428
0 0.480726872246696 0.2978670634920635 0.022026431718061675 0.009424603174603174
0 0.493942731277533 0.25793650793650796 0.025330396475770924 0.01240079365079365
0 0.6007709251101322 0.024057539682539684 0.023127753303964757 0.012648809523809524
0 0.6701541850220264 0.01984126984126984 0.024229074889867842 0.010912698412698412
0 0.6866740088105727 0.018353174603174604 0.025881057268722467 0.01314484126984127
0 0.6927312775330396 0.02976190476190476 0.021475770925110133 0.011656746031746032
0 0.7064977973568282 0.021577380952380952 0.01486784140969163 0.009672619047619048
0 0.7637665198237885 0.4489087301587302 0.01817180616740088 0.007936507936507936
0 0.775330396475771 0.4253472222222222 0.019273127753303965 0.008432539682539682
0 0.7802863436123348 0.4466765873015873 0.01817180616740088 0.009176587301587302
