0 0.42951541850220265 0.3722718253968254 0.011563876651982379 0.005456349206349206
0 0.46806167400881055 0.34697420634920634 0.015418502202643172 0.003968253968253968
0 0.5016519823788547 0.5567956349206349 0.006607929515418502 0.002976190476190476
0 0.5418502202643172 0.35987103174603174 0.009361233480176211 0.004464285714285714
0 0.5919603524229075 0.29662698412698413 0.010462555066079295 0.004712301587301587
0 0.6002202643171806 0.3308531746031746 0.009361233480176211 0.005208333333333333
0 0.6018722466960352 0.3256448412698413 0.010462555066079295 0.005456349206349206
0 0.6079295154185022 0.330109126984127 0.011013215859030838 0.005952380952380952
0 0.6640969162995595 0.3055555555555556 0.013215859030837005 0.009672619047619048
0 0.6756607929515418 0.3055555555555556 0.009911894273127754 0.004712301587301587
0 0.6800660792951542 0.3080357142857143 0.010462555066079295 0.003968253968253968
0 0.7422907488986784 0.19122023809523808 0.015418502202643172 0.005208333333333333
0 0.8755506607929515 0.4836309523809524 0.007158590308370044 0.002976190476190476
