0 0.2698237885462555 0.3306051587301587 0.013215859030837005 0.006696428571428571
0 0.2830396475770925 0.3325892857142857 0.022577092511013214 0.009672619047619048
0 0.361784140969163 0.32043650793650796 0.019823788546255508 0.01066468253968254
0 0.361784140969163 0.7271825396825397 0.016519823788546256 0.007688492063492063
0 0.623898678414097 0.37822420634920634 0.022026431718061675 0.012152777777777778
0 0.6305066079295154 0.3687996031746032 0.013215859030837005 0.00992063492063492
0 0.638215859030837 0.3583829365079365 0.022577092511013214 0.01066468253968254
0 0.7411894273127754 0.3350694444444444 0.011563876651982379 0.009424603174603174
0 0.7599118942731278 0.6009424603174603 0.009911894273127754 0.004216269841269841
0 0.7940528634361234 0.6036706349206349 0.014317180616740088 0.006200396825396825
0 0.8100220264317181 0.3878968253968254 0.018722466960352423 0.008680555555555556
0 0.8777533039647577 0.37475198412698413 0.015418502202643172 0.00496031746031746
0 0.8898678414096917 0.37996031746031744 0.022577092511013214 0.007688492063492063
0 0.8948237885462555 0.37375992063492064 0.019823788546255508 0.008432539682539682
0 0.9372246696035242 0.31200396825396826 0.01762114537444934 0.008928571428571428
0 0.9570484581497798 0.3777281746031746 0.019823788546255508 0.007936507936507936
0 0.9647577092511013 0.38318452380952384 0.015969162995594713 0.010912698412698412
0 0.9763215859030837 0.35962301587301587 0.019273127753303965 0.009176587301587302
0 0.9845814977973568 0.35143849206349204 0.01817180616740088 0.00818452380952381
