0 0.017543859649122806 0.7368421052631579 0.007309941520467836 0.006030701754385965
0 0.017909356725146198 0.3536184210526316 0.013157894736842105 0.00932017543859649
0 0.019371345029239765 0.36485745614035087 0.01206140350877193 0.010416666666666666
0 0.025950292397660817 0.6428179824561403 0.00804093567251462 0.00356359649122807
0 0.02631578947368421 0.703125 0.007309941520467836 0.005482456140350877
0 0.02850877192982456 0.5109649122807017 0.016812865497076022 0.012883771929824562
0 0.033625730994152045 0.522203947368421 0.015350877192982455 0.012883771929824562
0 0.043859649122807015 0.540296052631579 0.016812865497076022 0.013157894736842105
0 0.05847953216374269 0.5361842105263158 0.017543859649122806 0.011513157894736841
0 0.06067251461988304 0.793859649122807 0.005847953216374269 0.006304824561403508
0 0.061769005847953216 0.48903508771929827 0.013523391812865496 0.010964912280701754
0 0.06615497076023392 0.4336622807017544 0.014985380116959063 0.011787280701754386
0 0.08845029239766082 0.38651315789473684 0.008771929824561403 0.007949561403508772
0 0.09173976608187134 0.4662828947368421 0.00804093567251462 0.008223684210526315
0 0.09283625730994152 0.07209429824561403 0.03326023391812866 0.023026315789473683
0 0.09576023391812866 0.18311403508771928 0.017178362573099414 0.006853070175438596
0 0.09758771929824561 0.7875548245614035 0.013523391812865496 0.011513157894736841
0 0.10051169590643275 0.4120065789473684 0.010964912280701754 0.00849780701754386
0 0.11074561403508772 0.43859649122807015 0.012426900584795321 0.011513157894736841
0 0.1162280701754386 0.42653508771929827 0.013157894736842105 0.011787280701754386
0 0.11878654970760234 0.3418311403508772 0.013523391812865496 0.010416666666666666
0 0.1206140350877193 0.8615679824561403 0.005116959064327485 0.00356359649122807
0 0.12171052631578948 0.6647478070175439 0.0062134502923976605 0.005756578947368421
0 0.1297514619883041 0.8245614035087719 0.0043859649122807015 0.004660087719298245
0 0.13157894736842105 0.8341557017543859 0.005116959064327485 0.004934210526315789
0 0.13779239766081872 0.8064692982456141 0.0062134502923976605 0.005208333333333333
0 0.14035087719298245 0.6324013157894737 0.003654970760233918 0.0027412280701754384
0 0.14583333333333334 0.7963267543859649 0.005116959064327485 0.004934210526315789
0 0.14912280701754385 0.7974232456140351 0.005847953216374269 0.005208333333333333
0 0.1524122807017544 0.8237390350877193 0.005116959064327485 0.004111842105263158
0 0.1597222222222222 0.25301535087719296 0.014985380116959063 0.012335526315789474
0 0.1611842105263158 0.8204495614035088 0.005116959064327485 0.004660087719298245
0 0.16264619883040934 0.29413377192982454 0.01023391812865497 0.008771929824561403
0 0.16739766081871346 0.6359649122807017 0.00402046783625731 0.00356359649122807
0 0.1684941520467836 0.7631578947368421 0.013523391812865496 0.008771929824561403
0 0.17068713450292397 0.7839912280701754 0.007309941520467836 0.00712719298245614
0 0.17470760233918128 0.8157894736842105 0.005116959064327485 0.0043859649122807015
0 0.17616959064327486 0.7192982456140351 0.008771929824561403 0.007401315789473684
0 0.1783625730994152 0.819078947368421 0.00402046783625731 0.003289473684210526
0 0.18201754385964913 0.8355263157894737 0.0043859649122807015 0.004111842105263158
0 0.1823830409356725 0.6661184210526315 0.007675438596491228 0.006578947368421052
0 0.1838450292397661 0.7982456140350878 0.003654970760233918 0.0030153508771929823
0 0.18676900584795322 0.24369517543859648 0.014619883040935672 0.01425438596491228
0 0.18676900584795322 0.6921600877192983 0.006578947368421052 0.003837719298245614
0 0.18932748538011696 0.8072916666666666 0.006944444444444444 0.006853070175438596
0 0.19078947368421054 0.6696820175438597 0.006578947368421052 0.006304824561403508
0 0.1922514619883041 0.6894188596491229 0.009868421052631578 0.006578947368421052
0 0.19517543859649122 0.24013157894736842 0.01864035087719298 0.015076754385964912
0 0.19554093567251463 0.7299890350877193 0.008771929824561403 0.00849780701754386
0 0.19736842105263158 0.16337719298245615 0.012426900584795321 0.011239035087719298
0 0.19956140350877194 0.25109649122807015 0.012792397660818713 0.00932017543859649
0 0.20211988304093567 0.7593201754385965 0.01023391812865497 0.010964912280701754
0 0.20248538011695907 0.8127741228070176 0.0043859649122807015 0.003289473684210526
0 0.20285087719298245 0.8234649122807017 0.003289473684210526 0.003289473684210526
0 0.20321637426900585 0.8358004385964912 0.00402046783625731 0.003289473684210526
0 0.20358187134502925 0.7291666666666666 0.008406432748538011 0.008223684210526315
0 0.2065058479532164 0.8333333333333334 0.0043859649122807015 0.0043859649122807015
0 0.20760233918128654 0.14830043859649122 0.01206140350877193 0.011239035087719298
0 0.20796783625730994 0.8245614035087719 0.0043859649122807015 0.003837719298245614
0 0.21089181286549707 0.09210526315789473 0.02046783625730994 0.020833333333333332
0 0.21089181286549707 0.6570723684210527 0.007675438596491228 0.00356359649122807
0 0.21783625730994152 0.8341557017543859 0.005116959064327485 0.004111842105263158
0 0.2185672514619883 0.8286732456140351 0.004751461988304093 0.00712719298245614
0 0.2324561403508772 0.7464364035087719 0.007675438596491228 0.006578947368421052
0 0.2328216374269006 0.7272478070175439 0.006578947368421052 0.004934210526315789
0 0.23574561403508773 0.012609649122807017 0.019371345029239765 0.016721491228070175
0 0.2361111111111111 0.3050986842105263 0.013157894736842105 0.00849780701754386
0 0.2408625730994152 0.6883223684210527 0.008771929824561403 0.00712719298245614
0 0.24671052631578946 0.17434210526315788 0.009137426900584795 0.01206140350877193
0 0.24780701754385964 0.8223684210526315 0.004751461988304093 0.005208333333333333
0 0.25109649122807015 0.8207236842105263 0.006578947368421052 0.004660087719298245
0 0.2532894736842105 0.6921600877192983 0.008406432748538011 0.006853070175438596
0 0.2536549707602339 0.27713815789473684 0.01425438596491228 0.01343201754385965
0 0.2576754385964912 0.1737938596491228 0.017178362573099414 0.011513157894736841
0 0.2580409356725146 0.8368969298245614 0.0043859649122807015 0.003837719298245614
0 0.2605994152046784 0.6737938596491229 0.008771929824561403 0.006030701754385965
0 0.2627923976608187 0.3229166666666667 0.01023391812865497 0.00849780701754386
0 0.266812865497076 0.8429276315789473 0.0043859649122807015 0.004111842105263158
0 0.2679093567251462 0.7220394736842105 0.01644736842105263 0.017269736842105265
0 0.26973684210526316 0.8390899122807017 0.0043859649122807015 0.00356359649122807
0 0.27046783625730997 0.3399122807017544 0.009502923976608187 0.006853070175438596
0 0.2730263157894737 0.7976973684210527 0.005116959064327485 0.004934210526315789
0 0.27558479532163743 0.26014254385964913 0.013157894736842105 0.011239035087719298
0 0.277046783625731 0.7976973684210527 0.004751461988304093 0.003837719298245614
0 0.2777777777777778 0.14007675438596492 0.025219298245614034 0.023848684210526317
0 0.28326023391812866 0.8182565789473685 0.005482456140350877 0.006304824561403508
0 0.2887426900584795 0.8163377192982456 0.0043859649122807015 0.0043859649122807015
0 0.2909356725146199 0.6858552631578947 0.009868421052631578 0.006578947368421052
0 0.29605263157894735 0.6288377192982456 0.006944444444444444 0.006853070175438596
0 0.29751461988304095 0.6710526315789473 0.009137426900584795 0.007675438596491228
0 0.2978801169590643 0.8536184210526315 0.005482456140350877 0.004111842105263158
0 0.2982456140350877 0.13157894736842105 0.023026315789473683 0.02138157894736842
0 0.3117690058479532 0.7697368421052632 0.0062134502923976605 0.006030701754385965
0 0.3165204678362573 0.7617872807017544 0.008406432748538011 0.008223684210526315
0 0.3194444444444444 0.6493969298245614 0.009502923976608187 0.00712719298245614
0 0.3230994152046784 0.4597039473684211 0.01023391812865497 0.00849780701754386
0 0.3260233918128655 0.2552083333333333 0.03289473684210526 0.02631578947368421
0 0.329312865497076 0.7793311403508771 0.005482456140350877 0.004934210526315789
0 0.3307748538011696 0.7140899122807017 0.005847953216374269 0.004660087719298245
0 0.3344298245614035 0.6932565789473685 0.004751461988304093 0.0030153508771929823
0 0.33735380116959063 0.07456140350877193 0.01608187134502924 0.015625
0 0.33845029239766083 0.7102521929824561 0.0062134502923976605 0.006030701754385965
0 0.34210526315789475 0.8204495614035088 0.006578947368421052 0.008771929824561403
0 0.3468567251461988 0.2807017543859649 0.016812865497076022 0.015350877192982455
0 0.34868421052631576 0.8130482456140351 0.006578947368421052 0.005756578947368421
0 0.35453216374269003 0.975328947368421 0.015716374269005847 0.013706140350877192
0 0.35526315789473684 0.0756578947368421 0.019371345029239765 0.01836622807017544
0 0.35855263157894735 0.41173245614035087 0.006578947368421052 0.006304824561403508
0 0.36330409356725146 0.4114583333333333 0.01023391812865497 0.008771929824561403
0 0.36403508771929827 0.984375 0.014619883040935672 0.01343201754385965
0 0.3644005847953216 0.6411732456140351 0.009502923976608187 0.009046052631578948
0 0.3644005847953216 0.9783442982456141 0.013888888888888888 0.009594298245614035
0 0.364766081871345 0.6913377192982456 0.007309941520467836 0.007949561403508772
0 0.36988304093567254 0.7700109649122807 0.006944444444444444 0.005482456140350877
0 0.37609649122807015 0.6924342105263158 0.009137426900584795 0.008223684210526315
0 0.38084795321637427 0.5836074561403509 0.008771929824561403 0.006578947368421052
0 0.3830409356725146 0.20833333333333334 0.014985380116959063 0.012335526315789474
0 0.3848684210526316 0.6318530701754386 0.009137426900584795 0.007949561403508772
0 0.385233918128655 0.2713815789473684 0.009137426900584795 0.007675438596491228
0 0.38706140350877194 0.6850328947368421 0.009137426900584795 0.006853070175438596
0 0.3892543859649123 0.9802631578947368 0.016812865497076022 0.012883771929824562
0 0.3965643274853801 0.7971491228070176 0.0043859649122807015 0.0030153508771929823
0 0.3969298245614035 0.40076754385964913 0.008771929824561403 0.008223684210526315
0 0.3983918128654971 0.8064692982456141 0.004751461988304093 0.004111842105263158
0 0.40131578947368424 0.03673245614035088 0.019005847953216373 0.018092105263157895
0 0.4016812865497076 0.8064692982456141 0.003289473684210526 0.0030153508771929823
0 0.4031432748538012 0.7960526315789473 0.0043859649122807015 0.0030153508771929823
0 0.4053362573099415 0.9808114035087719 0.015350877192982455 0.01343201754385965
0 0.40789473684210525 0.7897478070175439 0.005116959064327485 0.00356359649122807
0 0.4100877192982456 0.8591008771929824 0.004751461988304093 0.004660087719298245
0 0.41191520467836257 0.7672697368421053 0.0062134502923976605 0.004660087719298245
0 0.4130116959064328 0.8456688596491229 0.003289473684210526 0.0030153508771929823
0 0.41703216374269003 0.8533442982456141 0.00402046783625731 0.00356359649122807
0 0.4192251461988304 0.32510964912280704 0.005847953216374269 0.006030701754385965
0 0.4192251461988304 0.8508771929824561 0.00402046783625731 0.0043859649122807015
0 0.4195906432748538 0.7327302631578947 0.006944444444444444 0.006304824561403508
0 0.4239766081871345 0.8632127192982456 0.0043859649122807015 0.0043859649122807015
0 0.4276315789473684 0.9964364035087719 0.014619883040935672 0.006853070175438596
0 0.43128654970760233 0.7658991228070176 0.0062134502923976605 0.005208333333333333
0 0.4327485380116959 0.8667763157894737 0.00402046783625731 0.003837719298245614
0 0.43457602339181284 0.8174342105263158 0.008406432748538011 0.00849780701754386
0 0.43567251461988304 0.02055921052631579 0.021564327485380116 0.016721491228070175
0 0.4466374269005848 0.6896929824561403 0.010964912280701754 0.007675438596491228
0 0.4470029239766082 0.15268640350877194 0.033625730994152045 0.028782894736842105
0 0.4517543859649123 0.8267543859649122 0.0043859649122807015 0.004111842105263158
0 0.45321637426900585 0.6949013157894737 0.005482456140350877 0.004660087719298245
0 0.4557748538011696 0.746984649122807 0.006944444444444444 0.006578947368421052
0 0.45614035087719296 0.8270285087719298 0.0043859649122807015 0.004111842105263158
0 0.45760233918128657 0.7009320175438597 0.005847953216374269 0.004111842105263158
0 0.45760233918128657 0.7236842105263158 0.006944444444444444 0.006578947368421052
0 0.4590643274853801 0.7587719298245614 0.007309941520467836 0.006304824561403508
0 0.4594298245614035 0.7700109649122807 0.006578947368421052 0.006304824561403508
0 0.46381578947368424 0.7239583333333334 0.005847953216374269 0.005208333333333333
0 0.46747076023391815 0.8012609649122807 0.004751461988304093 0.0043859649122807015
0 0.4682017543859649 0.8305921052631579 0.003289473684210526 0.003837719298245614
0 0.47149122807017546 0.7335526315789473 0.007309941520467836 0.006853070175438596
0 0.47149122807017546 0.831140350877193 0.003654970760233918 0.004111842105263158
0 0.4733187134502924 0.7702850877192983 0.004751461988304093 0.004111842105263158
0 0.47368421052631576 0.8171600877192983 0.004751461988304093 0.004111842105263158
0 0.4766081871345029 0.15899122807017543 0.021564327485380116 0.022478070175438597
0 0.4766081871345029 0.5783991228070176 0.013523391812865496 0.011239035087719298
0 0.4777046783625731 0.5572916666666666 0.014619883040935672 0.012883771929824562
0 0.4777046783625731 0.6839364035087719 0.005847953216374269 0.004934210526315789
0 0.4791666666666667 0.731359649122807 0.006944444444444444 0.006578947368421052
0 0.47953216374269003 0.7911184210526315 0.003654970760233918 0.0030153508771929823
0 0.49378654970760233 0.7497258771929824 0.007309941520467836 0.006578947368421052
0 0.4956140350877193 0.7683662280701754 0.00804093567251462 0.00712719298245614
0 0.5043859649122807 0.38952850877192985 0.006578947368421052 0.006030701754385965
0 0.5051169590643275 0.71875 0.011695906432748537 0.009594298245614035
0 0.5051169590643275 0.7404057017543859 0.012792397660818713 0.01206140350877193
0 0.506578947368421 0.2850877192982456 0.013157894736842105 0.009046052631578948
0 0.506578947368421 0.39939692982456143 0.005116959064327485 0.006578947368421052
0 0.5080409356725146 0.30235745614035087 0.01608187134502924 0.013980263157894737
0 0.5193713450292398 0.40515350877192985 0.0062134502923976605 0.005208333333333333
0 0.5347222222222222 0.5981359649122807 0.013888888888888888 0.010142543859649123
0 0.5391081871345029 0.4451754385964912 0.00804093567251462 0.00849780701754386
0 0.5427631578947368 0.6277412280701754 0.007309941520467836 0.005482456140350877
0 0.5431286549707602 0.7075109649122807 0.00402046783625731 0.00356359649122807
0 0.5445906432748538 0.2837171052631579 0.011330409356725146 0.00849780701754386
0 0.547514619883041 0.7066885964912281 0.003289473684210526 0.003837719298245614
0 0.5511695906432749 0.7064144736842105 0.004751461988304093 0.004660087719298245
0 0.569078947368421 0.40625 0.007309941520467836 0.006304824561403508
0 0.5738304093567251 0.4706688596491228 0.006578947368421052 0.005208333333333333
0 0.5807748538011696 0.328125 0.013888888888888888 0.01206140350877193
0 0.597953216374269 0.5148026315789473 0.007309941520467836 0.006853070175438596
0 0.6187865497076024 0.5359100877192983 0.011330409356725146 0.010142543859649123
0 0.6195175438596491 0.34868421052631576 0.038011695906432746 0.03618421052631579
0 0.6304824561403509 0.6918859649122807 0.005847953216374269 0.005208333333333333
0 0.6374269005847953 0.694078947368421 0.006578947368421052 0.006030701754385965
0 0.6381578947368421 0.6735197368421053 0.006578947368421052 0.005756578947368421
0 0.6407163742690059 0.5803179824561403 0.007309941520467836 0.006304824561403508
0 0.6494883040935673 0.19736842105263158 0.01608187134502924 0.01206140350877193
0 0.6505847953216374 0.3541666666666667 0.03289473684210526 0.030975877192982455
0 0.6509502923976608 0.13157894736842105 0.015350877192982455 0.009868421052631578
0 0.6524122807017544 0.6422697368421053 0.008771929824561403 0.008223684210526315
0 0.6535087719298246 0.6581688596491229 0.0062134502923976605 0.005208333333333333
0 0.6549707602339181 0.5049342105263158 0.00804093567251462 0.004660087719298245
0 0.6567982456140351 0.6620065789473685 0.006578947368421052 0.005756578947368421
0 0.6571637426900585 0.6554276315789473 0.007675438596491228 0.006030701754385965
0 0.6637426900584795 0.6842105263157895 0.005482456140350877 0.003837719298245614
0 0.6652046783625731 0.680921052631579 0.005482456140350877 0.004111842105263158
0 0.668859649122807 0.12664473684210525 0.021564327485380116 0.013157894736842105
0 0.6728801169590644 0.6803728070175439 0.006944444444444444 0.006030701754385965
0 0.6750730994152047 0.6529605263157895 0.005847953216374269 0.004934210526315789
0 0.6787280701754386 0.6726973684210527 0.007675438596491228 0.006304824561403508
0 0.680921052631579 0.659265350877193 0.005116959064327485 0.005208333333333333
0 0.6889619883040936 0.5819627192982456 0.006578947368421052 0.005482456140350877
0 0.6926169590643275 0.6543311403508771 0.006578947368421052 0.005756578947368421
0 0.6973684210526315 0.6247258771929824 0.010599415204678362 0.008223684210526315
0 0.6999269005847953 0.924890350877193 0.009868421052631578 0.00849780701754386
0 0.7021198830409356 0.6192434210526315 0.009137426900584795 0.008223684210526315
0 0.7086988304093568 0.65625 0.009137426900584795 0.007401315789473684
0 0.7174707602339181 0.6447368421052632 0.0043859649122807015 0.004660087719298245
0 0.7240497076023392 0.3358004385964912 0.008771929824561403 0.00712719298245614
0 0.7353801169590644 0.5597587719298246 0.005847953216374269 0.005482456140350877
0 0.7394005847953217 0.5833333333333334 0.00804093567251462 0.007401315789473684
0 0.741593567251462 0.5770285087719298 0.006578947368421052 0.005482456140350877
0 0.7426900584795322 0.9539473684210527 0.013523391812865496 0.00849780701754386
0 0.7540204678362573 0.5800438596491229 0.005482456140350877 0.0043859649122807015
0 0.758406432748538 0.6551535087719298 0.0043859649122807015 0.0043859649122807015
0 0.7602339181286549 0.46655701754385964 0.007675438596491228 0.00712719298245614
0 0.7627923976608187 0.7412280701754386 0.00804093567251462 0.00712719298245614
0 0.7697368421052632 0.7436951754385965 0.00804093567251462 0.006304824561403508
0 0.7752192982456141 0.421875 0.005847953216374269 0.004934210526315789
0 0.7781432748538012 0.27768640350877194 0.005482456140350877 0.005482456140350877
0 0.778874269005848 0.46902412280701755 0.004751461988304093 0.005756578947368421
0 0.7799707602339181 0.4525767543859649 0.006944444444444444 0.006853070175438596
0 0.7810672514619883 0.4237938596491228 0.009137426900584795 0.007675438596491228
0 0.7905701754385965 0.7406798245614035 0.005847953216374269 0.006304824561403508
0 0.7923976608187134 0.6367872807017544 0.01023391812865497 0.007949561403508772
0 0.7982456140350878 0.3697916666666667 0.008771929824561403 0.00712719298245614
0 0.7989766081871345 0.31167763157894735 0.009137426900584795 0.007949561403508772
0 0.804093567251462 0.3223684210526316 0.008771929824561403 0.007675438596491228
0 0.8044590643274854 0.42269736842105265 0.006944444444444444 0.005482456140350877
0 0.8289473684210527 0.6526864035087719 0.01206140350877193 0.00849780701754386
0 0.8446637426900585 0.18612938596491227 0.010964912280701754 0.00932017543859649
0 0.856359649122807 0.008771929824561403 0.016812865497076022 0.015350877192982455
0 0.8585526315789473 0.8807565789473685 0.0062134502923976605 0.006030701754385965
0 0.8618421052631579 0.5200109649122807 0.0062134502923976605 0.0043859649122807015
0 0.8629385964912281 0.35635964912280704 0.008771929824561403 0.00712719298245614
0 0.8680555555555556 0.528234649122807 0.006578947368421052 0.006853070175438596
0 0.8691520467836257 0.41639254385964913 0.006944444444444444 0.006030701754385965
0 0.8753654970760234 0.0868969298245614 0.021564327485380116 0.018914473684210526
0 0.8797514619883041 0.7963267543859649 0.004751461988304093 0.0030153508771929823
0 0.8808479532163743 0.32839912280701755 0.007309941520467836 0.006304824561403508
0 0.8823099415204678 0.6864035087719298 0.009868421052631578 0.008223684210526315
0 0.8940058479532164 0.4067982456140351 0.01023391812865497 0.007401315789473684
0 0.8976608187134503 0.32702850877192985 0.01023391812865497 0.009046052631578948
0 0.8980263157894737 0.3944627192982456 0.011695906432748537 0.00932017543859649
0 0.9013157894736842 0.5208333333333334 0.007675438596491228 0.0043859649122807015
0 0.9016812865497076 0.40734649122807015 0.007309941520467836 0.006304824561403508
0 0.9046052631578947 0.32894736842105265 0.009502923976608187 0.008223684210526315
0 0.9046052631578947 0.8697916666666666 0.006944444444444444 0.004934210526315789
0 0.9064327485380117 0.28481359649122806 0.011695906432748537 0.009046052631578948
0 0.9075292397660819 0.4525767543859649 0.005482456140350877 0.004660087719298245
0 0.9089912280701754 0.8294956140350878 0.007309941520467836 0.006030701754385965
0 0.9133771929824561 0.3207236842105263 0.005482456140350877 0.005756578947368421
0 0.9133771929824561 0.3697916666666667 0.009137426900584795 0.006304824561403508
0 0.9159356725146199 0.8171600877192983 0.005847953216374269 0.005208333333333333
0 0.9173976608187134 0.8081140350877193 0.0062134502923976605 0.004934210526315789
0 0.9203216374269005 0.8401864035087719 0.005847953216374269 0.0043859649122807015
0 0.9364035087719298 0.8434758771929824 0.005847953216374269 0.004934210526315789
0 0.9389619883040936 0.37198464912280704 0.00804093567251462 0.006853070175438596
0 0.9437134502923976 0.6979166666666666 0.007309941520467836 0.007401315789473684
0 0.9499269005847953 0.20038377192982457 0.016812865497076022 0.013706140350877192
0 0.9499269005847953 0.3100328947368421 0.008771929824561403 0.00712719298245614
0 0.9528508771929824 0.8245614035087719 0.006944444444444444 0.005756578947368421
0 0.9568713450292398 0.8209978070175439 0.007675438596491228 0.006304824561403508
0 0.9597953216374269 0.5836074561403509 0.013523391812865496 0.010416666666666666
0 0.9616228070175439 0.8404605263157895 0.006578947368421052 0.006578947368421052
0 0.9652777777777778 0.29221491228070173 0.0062134502923976605 0.004660087719298245
0 0.9671052631578947 0.7796052631578947 0.009137426900584797 0.006578947368421052
0 0.9674707602339181 0.784265350877193 0.00804093567251462 0.007401315789473684
0 0.9682017543859649 0.6367872807017544 0.010964912280701754 0.008223684210526315
0 0.9744152046783626 0.9103618421052632 0.007309941520467836 0.005482456140350877
0 0.9809941520467836 0.31030701754385964 0.005116959064327485 0.0043859649122807015
0 0.9842836257309941 0.3769188596491228 0.011695906432748537 0.010964912280701754
0 0.9857456140350878 0.5926535087719298 0.011695906432748537 0.010142543859649123
0 0.9875730994152047 0.34018640350877194 0.00804093567251462 0.006578947368421052
0 0.9901315789473685 0.6414473684210527 0.01023391812865497 0.008771929824561403
0 0.9908625730994152 0.7532894736842105 0.009868421052631578 0.008223684210526315
0 0.9945175438596491 0.19544956140350878 0.01023391812865497 0.00932017543859649
0 0.9974415204678363 0.42297149122807015 0.0043859649122807015 0.008771929824561403
