0 0.0236784140969163 0.05952380952380952 0.011563876651982379 0.007192460317460317
0 0.06387665198237885 0.902281746031746 0.019823788546255508 0.01488095238095238
0 0.0842511013215859 0.44320436507936506 0.0302863436123348 0.010416666666666666
0 0.10187224669603524 0.5047123015873016 0.03138766519823789 0.011160714285714286
0 0.3584801762114537 0.22495039682539683 0.017070484581497798 0.007936507936507936
0 0.39922907488986786 0.17956349206349206 0.011563876651982379 0.009424603174603174
0 0.4102422907488987 0.1800595238095238 0.015969162995594713 0.010912698412698412
0 0.4102422907488987 0.43601190476190477 0.03634361233480176 0.016865079365079364
0 0.4526431718061674 0.44742063492063494 0.018722466960352423 0.012648809523809524
0 0.4564977973568282 0.4623015873015873 0.03524229074889868 0.017609126984126984
0 0.4642070484581498 0.011656746031746032 0.024229074889867842 0.015625
0 0.49284140969163 0.3725198412698413 0.031938325991189426 0.015625
0 0.4961453744493392 0.5057043650793651 0.02753303964757709 0.00744047619047619
0 0.5165198237885462 0.49603174603174605 0.023127753303964757 0.006448412698412698
0 0.5352422907488987 0.5042162698412699 0.022577092511013214 0.00496031746031746
0 0.5715859030837004 0.1932043650793651 0.018722466960352423 0.007688492063492063
0 0.5726872246696035 0.3812003968253968 0.03524229074889868 0.013640873015873016
0 0.5870044052863436 0.4992559523809524 0.025881057268722467 0.012152777777777778
0 0.5897577092511013 0.15625 0.017070484581497798 0.007688492063492063
0 0.5980176211453745 0.21081349206349206 0.01486784140969163 0.007936507936507936
0 0.7560572687224669 0.4476686507936508 0.02973568281938326 0.013888888888888888
0 0.9273127753303965 0.4017857142857143 0.028083700440528634 0.015128968253968254
0 0.9399779735682819 0.38913690476190477 0.030837004405286344 0.014384920634920634
0 0.9515418502202643 0.4020337301587302 0.0302863436123348 0.014632936507936508
0 0.954295154185022 0.41220238095238093 0.03359030837004405 0.013392857142857142
0 0.9642070484581498 0.3053075396825397 0.03248898678414097 0.015625
