0 0.08159722222222222 0.43816137566137564 0.007936507936507936 0.006944444444444444
0 0.08531746031746032 0.5393518518518519 0.004712301587301587 0.007275132275132275
0 0.08606150793650794 0.4332010582010582 0.006200396825396825 0.007275132275132275
0 0.08928571428571429 0.5036375661375662 0.005952380952380952 0.007936507936507936
0 0.0900297619047619 0.5386904761904762 0.00496031746031746 0.006944444444444444
0 0.09077380952380952 0.5995370370370371 0.005952380952380952 0.006613756613756613
0 0.0920138888888889 0.43253968253968256 0.005952380952380952 0.005952380952380952
0 0.09672619047619048 0.5972222222222222 0.006200396825396825 0.006613756613756613
0 0.10044642857142858 0.6001984126984127 0.005704365079365079 0.007936507936507936
0 0.1076388888888889 0.4914021164021164 0.00496031746031746 0.006613756613756613
0 0.11061507936507936 0.4966931216931217 0.006448412698412698 0.008267195767195767
0 0.13566468253968253 0.5982142857142857 0.004712301587301587 0.006613756613756613
0 0.13988095238095238 0.6011904761904762 0.004712301587301587 0.006613756613756613
0 0.14434523809523808 0.6177248677248677 0.004216269841269841 0.005291005291005291
0 0.1463293650793651 0.6107804232804233 0.004216269841269841 0.006283068783068783
0 0.14831349206349206 0.6144179894179894 0.004464285714285714 0.00496031746031746
0 0.15426587301587302 0.2863756613756614 0.005456349206349206 0.006613756613756613
0 0.16765873015873015 0.5496031746031746 0.002976190476190476 0.004298941798941799
0 0.16790674603174602 0.59755291005291 0.003968253968253968 0.004629629629629629
0 0.16815476190476192 0.5753968253968254 0.00496031746031746 0.006613756613756613
0 0.17237103174603174 0.3082010582010582 0.005456349206349206 0.006613756613756613
0 0.17237103174603174 0.5770502645502645 0.004712301587301587 0.006613756613756613
0 0.1892361111111111 0.3187830687830688 0.004712301587301587 0.006283068783068783
0 0.20262896825396826 0.49437830687830686 0.006696428571428571 0.006283068783068783
0 0.2078373015873016 0.5625 0.002728174603174603 0.0033068783068783067
0 0.20833333333333334 0.3630952380952381 0.003968253968253968 0.005952380952380952
0 0.21329365079365079 0.36507936507936506 0.004216269841269841 0.00496031746031746
0 0.21502976190476192 0.44246031746031744 0.005456349206349206 0.006944444444444444
0 0.22495039682539683 0.27645502645502645 0.005704365079365079 0.007275132275132275
0 0.2251984126984127 0.2986111111111111 0.004216269841269841 0.005952380952380952
0 0.22767857142857142 0.2959656084656085 0.00496031746031746 0.007605820105820105
0 0.23015873015873015 0.3637566137566138 0.00496031746031746 0.006613756613756613
0 0.23189484126984128 0.29365079365079366 0.005704365079365079 0.006613756613756613
0 0.2361111111111111 0.3673941798941799 0.006448412698412698 0.008928571428571428
0 0.23933531746031747 0.3826058201058201 0.00496031746031746 0.003968253968253968
0 0.24751984126984128 0.3994708994708995 0.00496031746031746 0.006613756613756613
0 0.2507440476190476 0.7632275132275133 0.007192460317460317 0.00958994708994709
0 0.2517361111111111 0.40343915343915343 0.006448412698412698 0.007275132275132275
0 0.26264880952380953 0.7956349206349206 0.006944444444444444 0.008597883597883597
0 0.26438492063492064 0.7003968253968254 0.006696428571428571 0.01025132275132275
0 0.2663690476190476 0.26587301587301587 0.00496031746031746 0.009259259259259259
0 0.26711309523809523 0.3273809523809524 0.006200396825396825 0.009259259259259259
0 0.2690972222222222 0.5142195767195767 0.003720238095238095 0.003968253968253968
0 0.2718253968253968 0.7943121693121693 0.005456349206349206 0.008928571428571428
0 0.2720734126984127 0.6941137566137566 0.00818452380952381 0.00958994708994709
0 0.2743055555555556 0.7513227513227513 0.004216269841269841 0.006283068783068783
0 0.27728174603174605 0.27116402116402116 0.005456349206349206 0.007936507936507936
0 0.27802579365079366 0.6960978835978836 0.008680555555555556 0.011574074074074073
0 0.2785218253968254 0.26355820105820105 0.005704365079365079 0.008267195767195767
0 0.279265873015873 0.7599206349206349 0.005208333333333333 0.006944444444444444
0 0.279265873015873 0.8111772486772487 0.006944444444444444 0.008267195767195767
0 0.28075396825396826 0.7817460317460317 0.006448412698412698 0.008928571428571428
0 0.2822420634920635 0.22916666666666666 0.004216269841269841 0.006283068783068783
0 0.28273809523809523 0.728505291005291 0.00496031746031746 0.00958994708994709
0 0.28348214285714285 0.30357142857142855 0.005208333333333333 0.006944444444444444
0 0.28422619047619047 0.8806216931216931 0.007936507936507936 0.012896825396825396
0 0.2847222222222222 0.6369047619047619 0.006696428571428571 0.008928571428571428
0 0.2849702380952381 0.37037037037037035 0.004464285714285714 0.007275132275132275
0 0.28794642857142855 0.8303571428571429 0.004464285714285714 0.007275132275132275
0 0.2884424603174603 0.3683862433862434 0.004464285714285714 0.006944444444444444
0 0.28943452380952384 0.8184523809523809 0.006448412698412698 0.009259259259259259
0 0.2931547619047619 0.5750661375661376 0.008432539682539682 0.012566137566137565
0 0.2958829365079365 0.5906084656084656 0.00744047619047619 0.010582010582010581
0 0.3013392857142857 0.8250661375661376 0.003968253968253968 0.006613756613756613
0 0.30257936507936506 0.6640211640211641 0.003968253968253968 0.008928571428571428
0 0.30257936507936506 0.8356481481481481 0.007192460317460317 0.00958994708994709
0 0.30357142857142855 0.2013888888888889 0.006200396825396825 0.007275132275132275
0 0.3038194444444444 0.9460978835978836 0.006696428571428571 0.009920634920634922
0 0.30431547619047616 0.8009259259259259 0.006696428571428571 0.011574074074074073
0 0.30481150793650796 0.8670634920634921 0.007936507936507936 0.011243386243386243
0 0.30505952380952384 0.9229497354497355 0.003720238095238095 0.004960317460317461
0 0.3090277777777778 0.2896825396825397 0.006448412698412698 0.007605820105820105
0 0.3177083333333333 0.7926587301587301 0.006448412698412698 0.00958994708994709
0 0.3179563492063492 0.5218253968253969 0.004464285714285714 0.006613756613756613
0 0.3189484126984127 0.5052910052910053 0.005208333333333333 0.006944444444444444
0 0.3216765873015873 0.7893518518518519 0.007936507936507936 0.012235449735449735
0 0.32837301587301587 0.6577380952380952 0.00818452380952381 0.00992063492063492
0 0.3291170634920635 0.7853835978835979 0.007936507936507936 0.011243386243386243
0 0.3291170634920635 0.888558201058201 0.007192460317460317 0.01025132275132275
0 0.3298611111111111 0.5324074074074074 0.005456349206349206 0.00958994708994709
0 0.33209325396825395 0.48478835978835977 0.004464285714285714 0.004629629629629629
0 0.33209325396825395 0.8425925925925926 0.005456349206349206 0.007605820105820105
0 0.33283730158730157 0.37202380952380953 0.005208333333333333 0.007936507936507936
0 0.3343253968253968 0.34953703703703703 0.003720238095238095 0.006944444444444444
0 0.33606150793650796 0.517526455026455 0.003224206349206349 0.004298941798941799
0 0.34052579365079366 0.6703042328042328 0.006448412698412698 0.009259259259259259
0 0.3427579365079365 0.623015873015873 0.00744047619047619 0.012235449735449735
0 0.3430059523809524 0.5006613756613757 0.00496031746031746 0.008267195767195767
0 0.34325396825396826 0.9120370370370371 0.006448412698412698 0.008267195767195767
0 0.34399801587301587 0.6378968253968254 0.007192460317460317 0.004629629629629629
0 0.3444940476190476 0.3462301587301587 0.005456349206349206 0.006944444444444444
0 0.3454861111111111 0.9017857142857143 0.005208333333333333 0.008267195767195767
0 0.345734126984127 0.8713624338624338 0.007688492063492063 0.007275132275132275
0 0.3464781746031746 0.35085978835978837 0.00496031746031746 0.007275132275132275
0 0.34970238095238093 0.9130291005291006 0.00744047619047619 0.010912698412698412
0 0.3499503968253968 0.6236772486772487 0.007936507936507936 0.00958994708994709
0 0.35143849206349204 0.6392195767195767 0.006200396825396825 0.00496031746031746
0 0.35267857142857145 0.49107142857142855 0.005704365079365079 0.010912698412698412
0 0.3549107142857143 0.5757275132275133 0.006696428571428571 0.006944444444444444
0 0.357390873015873 0.669973544973545 0.006696428571428571 0.009259259259259259
0 0.36334325396825395 0.5119047619047619 0.005456349206349206 0.004629629629629629
0 0.3695436507936508 0.6087962962962963 0.005952380952380952 0.00958994708994709
0 0.3715277777777778 0.9021164021164021 0.007936507936507936 0.007275132275132275
0 0.37202380952380953 0.501984126984127 0.009424603174603174 0.013558201058201057
0 0.3774801587301587 0.1431878306878307 0.005704365079365079 0.007936507936507936
0 0.38268849206349204 0.65244708994709 0.007192460317460317 0.01025132275132275
0 0.38318452380952384 0.1931216931216931 0.003472222222222222 0.005291005291005291
0 0.3834325396825397 0.541005291005291 0.007688492063492063 0.011904761904761904
0 0.38467261904761907 0.5535714285714286 0.007936507936507936 0.01025132275132275
0 0.3854166666666667 0.14285714285714285 0.004464285714285714 0.007936507936507936
0 0.388640873015873 0.13326719576719576 0.00496031746031746 0.007936507936507936
0 0.38938492063492064 0.8088624338624338 0.006944444444444444 0.008267195767195767
0 0.3923611111111111 0.6471560846560847 0.008928571428571428 0.011904761904761904
0 0.39384920634920634 0.9093915343915344 0.010416666666666666 0.015542328042328041
0 0.39533730158730157 0.6124338624338624 0.007688492063492063 0.00958994708994709
0 0.39558531746031744 0.8098544973544973 0.007192460317460317 0.010582010582010581
0 0.39806547619047616 0.1550925925925926 0.005456349206349206 0.007605820105820105
0 0.4020337301587302 0.638558201058201 0.009176587301587302 0.012896825396825396
0 0.4020337301587302 0.9163359788359788 0.009672619047619048 0.015542328042328041
0 0.40228174603174605 0.20072751322751323 0.005208333333333333 0.008928571428571428
0 0.4035218253968254 0.03935185185185185 0.003224206349206349 0.004629629629629629
0 0.4035218253968254 0.7046957671957672 0.008928571428571428 0.016865079365079364
0 0.404265873015873 0.921957671957672 0.010168650793650794 0.011574074074074073
0 0.4052579365079365 0.20072751322751323 0.005208333333333333 0.005621693121693121
0 0.40575396825396826 0.6908068783068783 0.008680555555555556 0.012235449735449735
0 0.40674603174603174 0.31613756613756616 0.006200396825396825 0.009259259259259259
0 0.40749007936507936 0.6015211640211641 0.007688492063492063 0.008597883597883597
0 0.4117063492063492 0.2612433862433862 0.005208333333333333 0.008267195767195767
0 0.41195436507936506 0.24404761904761904 0.003720238095238095 0.007275132275132275
0 0.41220238095238093 0.5218253968253969 0.00496031746031746 0.010912698412698412
0 0.4176587301587302 0.6154100529100529 0.009424603174603174 0.01455026455026455
0 0.4193948412698413 0.05026455026455026 0.002232142857142857 0.0033068783068783067
0 0.419890873015873 0.16335978835978837 0.003968253968253968 0.006944444444444444
0 0.421875 0.6213624338624338 0.006448412698412698 0.010912698412698412
0 0.4236111111111111 0.6438492063492064 0.005456349206349206 0.009259259259259259
0 0.423859126984127 0.5727513227513228 0.006200396825396825 0.013888888888888888
0 0.4263392857142857 0.41203703703703703 0.007192460317460317 0.012235449735449735
0 0.42782738095238093 0.59755291005291 0.005208333333333333 0.007605820105820105
0 0.4280753968253968 0.6200396825396826 0.006448412698412698 0.00992063492063492
0 0.4283234126984127 0.6693121693121693 0.008928571428571428 0.012566137566137565
0 0.4288194444444444 0.17394179894179895 0.004712301587301587 0.008928571428571428
0 0.43278769841269843 0.09689153439153439 0.00496031746031746 0.007605820105820105
0 0.4332837301587302 0.01521164021164021 0.002976190476190476 0.004298941798941799
0 0.4332837301587302 0.9302248677248677 0.011656746031746032 0.014219576719576719
0 0.4337797619047619 0.6121031746031746 0.009176587301587302 0.013227513227513227
0 0.4347718253968254 0.6511243386243386 0.009176587301587302 0.011243386243386243
0 0.4367559523809524 0.09755291005291006 0.004216269841269841 0.008267195767195767
0 0.43725198412698413 0.23842592592592593 0.004216269841269841 0.006613756613756613
0 0.4375 0.21792328042328044 0.005456349206349206 0.008597883597883597
0 0.44072420634920634 0.7371031746031746 0.006448412698412698 0.009259259259259259
0 0.44419642857142855 0.25066137566137564 0.003968253968253968 0.006613756613756613
0 0.44494047619047616 0.18915343915343916 0.002976190476190476 0.007605820105820105
0 0.4506448412698413 0.04563492063492063 0.003224206349206349 0.004298941798941799
0 0.45188492063492064 0.9543650793650794 0.006200396825396825 0.007605820105820105
0 0.4523809523809524 0.5796957671957672 0.007688492063492063 0.006283068783068783
0 0.453125 0.046957671957671955 0.002728174603174603 0.0036375661375661374
0 0.45362103174603174 0.18055555555555555 0.00496031746031746 0.00958994708994709
0 0.45436507936507936 0.12003968253968254 0.005456349206349206 0.00958994708994709
0 0.4548611111111111 0.5148809523809523 0.00496031746031746 0.005291005291005291
0 0.455109126984127 0.4576719576719577 0.006696428571428571 0.008267195767195767
0 0.4575892857142857 0.12367724867724868 0.004464285714285714 0.010582010582010581
0 0.45783730158730157 0.5882936507936508 0.007192460317460317 0.010912698412698412
0 0.4600694444444444 0.6610449735449735 0.007192460317460317 0.012566137566137565
0 0.46106150793650796 0.5727513227513228 0.005952380952380952 0.008597883597883597
0 0.46205357142857145 0.26785714285714285 0.003968253968253968 0.005952380952380952
0 0.4652777777777778 0.2447089947089947 0.00496031746031746 0.007936507936507936
0 0.46577380952380953 0.2691798941798942 0.00496031746031746 0.006283068783068783
0 0.46577380952380953 0.5638227513227513 0.008432539682539682 0.011904761904761904
0 0.4662698412698413 0.7638888888888888 0.006944444444444444 0.011574074074074073
0 0.4722222222222222 0.3912037037037037 0.007688492063492063 0.011243386243386243
0 0.4742063492063492 0.24272486772486773 0.004712301587301587 0.006944444444444444
0 0.4742063492063492 0.6160714285714286 0.006200396825396825 0.007605820105820105
0 0.47619047619047616 0.609457671957672 0.006448412698412698 0.010912698412698412
0 0.4771825396825397 0.38095238095238093 0.006200396825396825 0.00992063492063492
0 0.47842261904761907 0.4712301587301587 0.005952380952380952 0.008267195767195767
0 0.47966269841269843 0.27314814814814814 0.00496031746031746 0.007936507936507936
0 0.48040674603174605 0.24404761904761904 0.004712301587301587 0.005952380952380952
0 0.48040674603174605 0.9447751322751323 0.009424603174603174 0.01455026455026455
0 0.4806547619047619 0.46296296296296297 0.007936507936507936 0.009259259259259259
0 0.4826388888888889 0.5112433862433863 0.004464285714285714 0.007275132275132275
0 0.48487103174603174 0.5066137566137566 0.004464285714285714 0.006944444444444444
0 0.4905753968253968 0.009259259259259259 0.003224206349206349 0.004298941798941799
0 0.49181547619047616 0.9341931216931217 0.008680555555555556 0.01521164021164021
0 0.4945436507936508 0.28505291005291006 0.005456349206349206 0.007275132275132275
0 0.49528769841269843 0.310515873015873 0.00496031746031746 0.005621693121693121
0 0.4982638888888889 0.02943121693121693 0.002728174603174603 0.004298941798941799
0 0.5034722222222222 0.2794312169312169 0.004712301587301587 0.006613756613756613
0 0.503968253968254 0.548941798941799 0.00744047619047619 0.009259259259259259
0 0.5047123015873016 0.5777116402116402 0.00818452380952381 0.010582010582010581
0 0.5086805555555556 0.5076058201058201 0.00248015873015873 0.00496031746031746
0 0.5138888888888888 0.057539682539682536 0.002728174603174603 0.004298941798941799
0 0.5138888888888888 0.4679232804232804 0.004464285714285714 0.007275132275132275
0 0.5166170634920635 0.05787037037037037 0.002976190476190476 0.003968253968253968
0 0.5173611111111112 0.6349206349206349 0.008680555555555556 0.013227513227513227
0 0.5181051587301587 0.057539682539682536 0.002728174603174603 0.004629629629629629
0 0.5190972222222222 0.4662698412698413 0.004712301587301587 0.007275132275132275
0 0.519593253968254 0.5737433862433863 0.00496031746031746 0.013227513227513227
0 0.5198412698412699 0.057539682539682536 0.00248015873015873 0.00496031746031746
0 0.5220734126984127 0.621031746031746 0.00744047619047619 0.012566137566137565
0 0.5233134920634921 0.8326719576719577 0.010168650793650794 0.02447089947089947
0 0.5235615079365079 0.05720899470899471 0.004216269841269841 0.006944444444444444
0 0.5235615079365079 0.12533068783068782 0.005704365079365079 0.00992063492063492
0 0.5248015873015873 0.43187830687830686 0.006448412698412698 0.01025132275132275
0 0.5260416666666666 0.8839285714285714 0.01066468253968254 0.018849206349206348
0 0.5265376984126984 0.6061507936507936 0.00744047619047619 0.006944444444444444
0 0.5280257936507936 0.6590608465608465 0.008680555555555556 0.014219576719576719
0 0.5285218253968254 0.9808201058201058 0.010168650793650794 0.018518518518518517
0 0.5287698412698413 0.9560185185185185 0.01314484126984127 0.018187830687830687
0 0.5314980158730159 0.5710978835978836 0.00818452380952381 0.011574074074074073
0 0.5322420634920635 0.978505291005291 0.011904761904761904 0.022817460317460316
0 0.5339781746031746 0.42328042328042326 0.005952380952380952 0.008597883597883597
0 0.5347222222222222 0.658068783068783 0.004464285714285714 0.010582010582010581
0 0.5396825396825397 0.6044973544973545 0.00744047619047619 0.010582010582010581
0 0.5401785714285714 0.5727513227513228 0.00744047619047619 0.007936507936507936
0 0.5421626984126984 0.4255952380952381 0.006696428571428571 0.00958994708994709
0 0.5443948412698413 0.9576719576719577 0.012152777777777778 0.020833333333333332
0 0.5471230158730159 0.6984126984126984 0.00744047619047619 0.010912698412698412
0 0.5486111111111112 0.01951058201058201 0.001984126984126984 0.0033068783068783067
0 0.5491071428571429 0.3680555555555556 0.005704365079365079 0.007605820105820105
0 0.5500992063492064 0.026124338624338623 0.003472222222222222 0.004629629629629629
0 0.5515873015873016 0.42328042328042326 0.005456349206349206 0.008928571428571428
0 0.5558035714285714 0.8832671957671958 0.009424603174603174 0.01521164021164021
0 0.5562996031746031 0.49933862433862436 0.004216269841269841 0.006944444444444444
0 0.5562996031746031 0.6802248677248677 0.008680555555555556 0.011904761904761904
0 0.5575396825396826 0.48115079365079366 0.005704365079365079 0.007605820105820105
0 0.5592757936507936 0.02943121693121693 0.003968253968253968 0.004629629629629629
0 0.5592757936507936 0.5 0.005704365079365079 0.007605820105820105
0 0.5625 0.7523148148148148 0.006448412698412698 0.007605820105820105
0 0.5647321428571429 0.5707671957671958 0.003968253968253968 0.006283068783068783
0 0.5677083333333334 0.18088624338624337 0.006448412698412698 0.008267195767195767
0 0.5677083333333334 0.19113756613756613 0.006696428571428571 0.010582010582010581
0 0.5679563492063492 0.37896825396825395 0.00496031746031746 0.009259259259259259
0 0.5682043650793651 0.47585978835978837 0.006448412698412698 0.006613756613756613
0 0.5689484126984127 0.36408730158730157 0.004464285714285714 0.006613756613756613
0 0.5694444444444444 0.8634259259259259 0.01066468253968254 0.007275132275132275
0 0.5696924603174603 0.1626984126984127 0.006696428571428571 0.010912698412698412
0 0.5721726190476191 0.843915343915344 0.010416666666666666 0.011904761904761904
0 0.5724206349206349 0.06316137566137567 0.00248015873015873 0.0033068783068783067
0 0.5724206349206349 0.3697089947089947 0.005952380952380952 0.007936507936507936
0 0.5724206349206349 0.3773148148148148 0.005704365079365079 0.008928571428571428
0 0.5753968253968254 0.1818783068783069 0.006200396825396825 0.010582010582010581
0 0.5763888888888888 0.19907407407407407 0.005456349206349206 0.006613756613756613
0 0.5788690476190477 0.21263227513227514 0.005704365079365079 0.007605820105820105
0 0.580109126984127 0.3680555555555556 0.004464285714285714 0.007275132275132275
0 0.5808531746031746 0.17394179894179895 0.006944444444444444 0.00958994708994709
0 0.5815972222222222 0.36144179894179895 0.006448412698412698 0.007275132275132275
0 0.5818452380952381 0.18253968253968253 0.006448412698412698 0.007605820105820105
0 0.5830853174603174 0.20899470899470898 0.005208333333333333 0.008267195767195767
0 0.5860615079365079 0.8078703703703703 0.011656746031746032 0.017526455026455025
0 0.5873015873015873 0.2771164021164021 0.00496031746031746 0.00496031746031746
0 0.5887896825396826 0.3611111111111111 0.006448412698412698 0.008928571428571428
0 0.5930059523809523 0.4573412698412698 0.003720238095238095 0.004298941798941799
0 0.59375 0.36507936507936506 0.006200396825396825 0.01025132275132275
0 0.597718253968254 0.17625661375661375 0.00496031746031746 0.01025132275132275
0 0.6006944444444444 0.7222222222222222 0.007688492063492063 0.008267195767195767
0 0.6044146825396826 0.3525132275132275 0.005456349206349206 0.006613756613756613
0 0.6049107142857143 0.3392857142857143 0.004464285714285714 0.006944444444444444
0 0.6071428571428571 0.16203703703703703 0.006448412698412698 0.00992063492063492
0 0.6071428571428571 0.3382936507936508 0.005208333333333333 0.006944444444444444
0 0.6078869047619048 0.4269179894179894 0.00744047619047619 0.01455026455026455
0 0.613343253968254 0.5337301587301587 0.010912698412698412 0.01455026455026455
0 0.6143353174603174 0.6025132275132276 0.009176587301587302 0.012896825396825396
0 0.6158234126984127 0.8581349206349206 0.007936507936507936 0.01521164021164021
0 0.6163194444444444 0.9910714285714286 0.008432539682539682 0.010582010582010581
0 0.6175595238095238 0.5419973544973545 0.011160714285714286 0.01488095238095238
0 0.6197916666666666 0.17294973544973544 0.006448412698412698 0.00496031746031746
0 0.6200396825396826 0.06646825396825397 0.006200396825396825 0.012566137566137565
0 0.623015873015873 0.4097222222222222 0.005952380952380952 0.01521164021164021
0 0.6237599206349206 0.5843253968253969 0.008680555555555556 0.012896825396825396
0 0.6262400793650794 0.4351851851851852 0.004216269841269841 0.008267195767195767
0 0.6304563492063492 0.416005291005291 0.003968253968253968 0.010582010582010581
0 0.6326884920634921 0.5750661375661376 0.00992063492063492 0.012896825396825396
0 0.6336805555555556 0.09523809523809523 0.005456349206349206 0.008928571428571428
0 0.6351686507936508 0.5677910052910053 0.009424603174603174 0.012566137566137565
0 0.6391369047619048 0.3098544973544973 0.006448412698412698 0.010582010582010581
0 0.640625 0.5562169312169312 0.008432539682539682 0.010582010582010581
0 0.6448412698412699 0.3382936507936508 0.006200396825396825 0.008928571428571428
0 0.6453373015873016 0.30886243386243384 0.006944444444444444 0.00992063492063492
0 0.6465773809523809 0.34424603174603174 0.005704365079365079 0.007275132275132275
0 0.6483134920634921 0.3998015873015873 0.006944444444444444 0.011243386243386243
0 0.6490575396825397 0.5810185185185185 0.008928571428571428 0.011243386243386243
0 0.6545138888888888 0.42757936507936506 0.005208333333333333 0.005952380952380952
0 0.667906746031746 0.8683862433862434 0.017609126984126984 0.018518518518518517
0 0.6733630952380952 0.5638227513227513 0.005208333333333333 0.011243386243386243
0 0.6770833333333334 0.683531746031746 0.008928571428571428 0.014219576719576719
0 0.6785714285714286 0.6203703703703703 0.004712301587301587 0.007275132275132275
0 0.6832837301587301 0.6087962962962963 0.004712301587301587 0.004298941798941799
0 0.683531746031746 0.9682539682539683 0.01488095238095238 0.016865079365079364
0 0.6840277777777778 0.3912037037037037 0.008680555555555556 0.010582010582010581
0 0.6847718253968254 0.8707010582010583 0.005704365079365079 0.021164021164021163
0 0.6907242063492064 0.22387566137566137 0.005456349206349206 0.008267195767195767
0 0.691468253968254 0.26157407407407407 0.004712301587301587 0.007275132275132275
0 0.6924603174603174 0.9801587301587301 0.009424603174603174 0.01488095238095238
0 0.6946924603174603 0.41104497354497355 0.00818452380952381 0.011243386243386243
0 0.6951884920634921 0.2619047619047619 0.003720238095238095 0.008928571428571428
0 0.6959325396825397 0.42724867724867727 0.005704365079365079 0.007936507936507936
0 0.6981646825396826 0.8948412698412699 0.017609126984126984 0.017195767195767195
0 0.6986607142857143 0.26256613756613756 0.006696428571428571 0.007936507936507936
0 0.7003968253968254 0.10648148148148148 0.004216269841269841 0.008597883597883597
0 0.701140873015873 0.2681878306878307 0.00496031746031746 0.006613756613756613
0 0.7023809523809523 0.43154761904761907 0.009672619047619048 0.011574074074074073
0 0.7048611111111112 0.27314814814814814 0.006448412698412698 0.007936507936507936
0 0.7085813492063492 0.5267857142857143 0.00818452380952381 0.01025132275132275
0 0.7088293650793651 0.062169312169312166 0.006944444444444444 0.010912698412698412
0 0.7090773809523809 0.2767857142857143 0.006448412698412698 0.006944444444444444
0 0.7093253968253969 0.02017195767195767 0.005704365079365079 0.012235449735449735
0 0.7098214285714286 0.2318121693121693 0.003472222222222222 0.005291005291005291
0 0.7103174603174603 0.051587301587301584 0.007688492063492063 0.008928571428571428
0 0.7105654761904762 0.6435185185185185 0.006448412698412698 0.011574074074074073
0 0.7108134920634921 0.025793650793650792 0.005456349206349206 0.008267195767195767
0 0.7120535714285714 0.6021825396825397 0.010168650793650794 0.01488095238095238
0 0.7152777777777778 0.6488095238095238 0.004216269841269841 0.007275132275132275
0 0.7194940476190477 0.4947089947089947 0.007936507936507936 0.012235449735449735
0 0.7217261904761905 0.40674603174603174 0.009424603174603174 0.012896825396825396
0 0.7269345238095238 0.6640211640211641 0.006448412698412698 0.008928571428571428
0 0.7289186507936508 0.49272486772486773 0.008928571428571428 0.011243386243386243
0 0.730406746031746 0.6633597883597884 0.006448412698412698 0.01025132275132275
0 0.7316468253968254 0.9788359788359788 0.007192460317460317 0.011904761904761904
0 0.7353670634920635 0.6018518518518519 0.006448412698412698 0.012566137566137565
0 0.7385912698412699 0.006613756613756613 0.007192460317460317 0.012566137566137565
0 0.7398313492063492 0.13128306878306878 0.007936507936507936 0.011574074074074073
0 0.7400793650793651 0.6091269841269841 0.006448412698412698 0.011574074074074073
0 0.7462797619047619 0.5178571428571429 0.006448412698412698 0.009259259259259259
0 0.7566964285714286 0.4705687830687831 0.00744047619047619 0.012235449735449735
0 0.7599206349206349 0.03439153439153439 0.005456349206349206 0.012896825396825396
0 0.7624007936507936 0.4722222222222222 0.011160714285714286 0.013888888888888888
0 0.7633928571428571 0.031084656084656083 0.005208333333333333 0.009259259259259259
0 0.7641369047619048 0.15806878306878308 0.007936507936507936 0.00992063492063492
0 0.7643849206349206 0.33134920634920634 0.006944444444444444 0.009259259259259259
0 0.7658730158730159 0.8584656084656085 0.017857142857142856 0.026124338624338623
0 0.7666170634920635 0.3449074074074074 0.004216269841269841 0.007275132275132275
0 0.7693452380952381 0.351521164021164 0.006696428571428571 0.011243386243386243
0 0.7700892857142857 0.1412037037037037 0.005952380952380952 0.008928571428571428
0 0.7715773809523809 0.3445767195767196 0.00496031746031746 0.007605820105820105
0 0.7765376984126984 0.8872354497354498 0.006448412698412698 0.012566137566137565
0 0.7921626984126984 0.7863756613756614 0.012648809523809524 0.008928571428571428
0 0.798859126984127 0.7658730158730159 0.01984126984126984 0.027777777777777776
0 0.8013392857142857 0.8792989417989417 0.004464285714285714 0.007605820105820105
0 0.8015873015873016 0.49966931216931215 0.00818452380952381 0.009259259259259259
0 0.8040674603174603 0.44742063492063494 0.008680555555555556 0.010582010582010581
0 0.8072916666666666 0.07043650793650794 0.007192460317460317 0.00958994708994709
0 0.8082837301587301 0.7843915343915344 0.01711309523809524 0.028769841269841268
0 0.8100198412698413 0.6233465608465608 0.006448412698412698 0.008267195767195767
0 0.8172123015873016 0.31415343915343913 0.006200396825396825 0.012566137566137565
0 0.8209325396825397 0.2566137566137566 0.009424603174603174 0.011243386243386243
0 0.8211805555555556 0.31547619047619047 0.00818452380952381 0.009259259259259259
0 0.824156746031746 0.5985449735449735 0.006200396825396825 0.011243386243386243
0 0.8256448412698413 0.3531746031746032 0.008680555555555556 0.012235449735449735
0 0.8273809523809523 0.31712962962962965 0.006944444444444444 0.01025132275132275
0 0.8276289682539683 0.7407407407407407 0.01984126984126984 0.021825396825396824
0 0.8306051587301587 0.36408730158730157 0.008432539682539682 0.010582010582010581
0 0.8311011904761905 0.7681878306878307 0.017609126984126984 0.028108465608465607
0 0.8353174603174603 0.5343915343915344 0.007936507936507936 0.01025132275132275
0 0.8377976190476191 0.9417989417989417 0.00818452380952381 0.010912698412698412
0 0.8385416666666666 0.06283068783068783 0.00818452380952381 0.011243386243386243
0 0.8442460317460317 0.5145502645502645 0.00992063492063492 0.013558201058201057
0 0.8444940476190477 0.2414021164021164 0.005208333333333333 0.009259259259259259
0 0.8454861111111112 0.7976190476190477 0.00992063492063492 0.009259259259259259
0 0.8467261904761905 0.7926587301587301 0.010416666666666666 0.011574074074074073
0 0.8526785714285714 0.8449074074074074 0.01240079365079365 0.01521164021164021
0 0.8539186507936508 0.30522486772486773 0.006696428571428571 0.009259259259259259
0 0.8551587301587301 0.3306878306878307 0.00744047619047619 0.00992063492063492
0 0.8556547619047619 0.3654100529100529 0.006944444444444444 0.00992063492063492
0 0.8566468253968254 0.26785714285714285 0.006448412698412698 0.007936507936507936
0 0.8576388888888888 0.2605820105820106 0.005704365079365079 0.007605820105820105
0 0.8581349206349206 0.5079365079365079 0.00992063492063492 0.01455026455026455
0 0.8586309523809523 0.8951719576719577 0.00992063492063492 0.01455026455026455
0 0.8621031746031746 0.8819444444444444 0.01240079365079365 0.016534391534391533
0 0.863343253968254 0.31613756613756616 0.00744047619047619 0.011243386243386243
0 0.8645833333333334 0.5307539682539683 0.006944444444444444 0.010582010582010581
0 0.8678075396825397 0.390542328042328 0.007688492063492063 0.00992063492063492
0 0.871031746031746 0.8465608465608465 0.009424603174603174 0.013558201058201057
0 0.8759920634920635 0.45171957671957674 0.006696428571428571 0.007936507936507936
0 0.8782242063492064 0.07208994708994709 0.006944444444444444 0.005291005291005291
0 0.8799603174603174 0.8204365079365079 0.010416666666666666 0.01488095238095238
0 0.9047619047619048 0.5777116402116402 0.006696428571428571 0.007936507936507936
0 0.9131944444444444 0.3845899470899471 0.006448412698412698 0.007936507936507936
0 0.9243551587301587 0.9130291005291006 0.008928571428571428 0.013227513227513227
0 0.9444444444444444 0.6577380952380952 0.008928571428571428 0.008267195767195767
0 0.9466765873015873 0.5168650793650794 0.005704365079365079 0.006283068783068783
0 0.9506448412698413 0.8759920634920635 0.007192460317460317 0.00958994708994709
0 0.9538690476190477 0.9427910052910053 0.004216269841269841 0.007936507936507936
0 0.9568452380952381 0.164021164021164 0.00496031746031746 0.008597883597883597
0 0.9642857142857143 0.4626322751322751 0.007936507936507936 0.006283068783068783
0 0.964781746031746 0.6557539682539683 0.006448412698412698 0.00992063492063492
0 0.9694940476190477 0.6570767195767195 0.005952380952380952 0.008928571428571428
0 0.9724702380952381 0.6084656084656085 0.012648809523809524 0.015542328042328041
0 0.9749503968253969 0.6878306878306878 0.020089285714285716 0.01455026455026455
0 0.9836309523809523 0.5 0.010912698412698412 0.01488095238095238
0 0.9861111111111112 0.9586640211640212 0.005704365079365079 0.008267195767195767
0 0.9957837301587301 0.32407407407407407 0.003968253968253968 0.00496031746031746
