0 0.025881057268722467 0.4322916666666667 0.017070484581497798 0.00744047619047619
0 0.03359030837004405 0.439484126984127 0.012114537444933921 0.006448412698412698
0 0.15198237885462554 0.22420634920634921 0.02477973568281938 0.010912698412698412
0 0.22136563876651982 0.3757440476190476 0.01817180616740088 0.010168650793650794
0 0.2329295154185022 0.3697916666666667 0.020374449339207047 0.008680555555555556
0 0.2588105726872247 0.017609126984126984 0.00881057268722467 0.005704365079365079
0 0.31773127753303965 0.3787202380952381 0.014317180616740088 0.007192460317460317
0 0.31938325991189426 0.5329861111111112 0.013766519823788546 0.00496031746031746
0 0.45099118942731276 0.2113095238095238 0.009911894273127754 0.005456349206349206
0 0.5176211453744494 0.3638392857142857 0.01817180616740088 0.008928571428571428
0 0.5379955947136564 0.37797619047619047 0.019273127753303965 0.007192460317460317
0 0.5781938325991189 0.3263888888888889 0.017070484581497798 0.006696428571428571
0 0.6272026431718062 0.6686507936507936 0.012665198237885462 0.005704365079365079
0 0.6327092511013216 0.5317460317460317 0.01817180616740088 0.009176587301587302
0 0.6883259911894273 0.34945436507936506 0.015418502202643172 0.006944444444444444
0 0.7422907488986784 0.15079365079365079 0.013766519823788546 0.005952380952380952
0 0.7433920704845814 0.15550595238095238 0.013215859030837005 0.005208333333333333
0 0.7466960352422908 0.2611607142857143 0.01762114537444934 0.007936507936507936
0 0.7582599118942731 0.3159722222222222 0.016519823788546256 0.008432539682539682
0 0.7610132158590308 0.3080357142857143 0.015969162995594713 0.008680555555555556
0 0.7709251101321586 0.314484126984127 0.015969162995594713 0.008680555555555556
0 0.775330396475771 0.3196924603174603 0.018722466960352423 0.00818452380952381
0 0.8199339207048458 0.28174603174603174 0.015969162995594713 0.00744047619047619
0 0.822136563876652 0.28893849206349204 0.016519823788546256 0.007936507936507936
0 0.8314977973568282 0.14756944444444445 0.014317180616740088 0.009424603174603174
0 0.8540748898678414 0.2785218253968254 0.01486784140969163 0.011160714285714286
0 0.8689427312775331 0.27901785714285715 0.015418502202643172 0.00744047619047619
0 0.875 0.2849702380952381 0.014317180616740088 0.004712301587301587
0 0.8898678414096917 0.28621031746031744 0.02092511013215859 0.010912698412698412
0 0.9047356828193832 0.28273809523809523 0.013215859030837005 0.006944444444444444
