0 0.042951541850220265 0.44568452380952384 0.015418502202643172 0.010168650793650794
0 0.2544052863436123 0.36929563492063494 0.018722466960352423 0.005208333333333333
0 0.26762114537444937 0.3648313492063492 0.022577092511013214 0.00744047619047619
0 0.29405286343612336 0.015376984126984126 0.00881057268722467 0.005704365079365079
0 0.3474669603524229 0.37276785714285715 0.017070484581497798 0.00744047619047619
0 0.4746696035242291 0.20560515873015872 0.010462555066079295 0.005704365079365079
0 0.5357929515418502 0.3621031746031746 0.017070484581497798 0.00818452380952381
0 0.5545154185022027 0.37450396825396826 0.01762114537444934 0.007192460317460317
0 0.5930616740088106 0.32663690476190477 0.01762114537444934 0.005952380952380952
0 0.6272026431718062 0.6438492063492064 0.011563876651982379 0.005952380952380952
0 0.6960352422907489 0.3492063492063492 0.014317180616740088 0.006448412698412698
0 0.7555066079295154 0.2648809523809524 0.015969162995594713 0.006944444444444444
0 0.7566079295154186 0.15575396825396826 0.01486784140969163 0.005952380952380952
0 0.7588105726872246 0.16021825396825398 0.01817180616740088 0.004712301587301587
0 0.7637665198237885 0.3159722222222222 0.014317180616740088 0.00744047619047619
0 0.7665198237885462 0.3087797619047619 0.015418502202643172 0.00818452380952381
0 0.776431718061674 0.3149801587301587 0.015969162995594713 0.008432539682539682
0 0.7797356828193832 0.3196924603174603 0.017070484581497798 0.00744047619047619
0 0.8226872246696035 0.28447420634920634 0.01486784140969163 0.006944444444444444
0 0.8243392070484582 0.2916666666666667 0.015969162995594713 0.007688492063492063
0 0.8546255506607929 0.28100198412698413 0.017070484581497798 0.01066468253968254
