0 0.0712719298245614 0.6900584795321637 0.004111842105263158 0.005847953216374269
0 0.3489583333333333 0.9331140350877193 0.007401315789473684 0.00804093567251462
0 0.3549890350877193 0.9385964912280702 0.005756578947368421 0.007309941520467836
0 0.3692434210526316 0.6133040935672515 0.006030701754385965 0.010599415204678362
0 0.4029605263157895 0.4586988304093567 0.004660087719298245 0.00804093567251462
0 0.41036184210526316 0.9210526315789473 0.005208333333333333 0.011695906432748537
0 0.4588815789473684 0.5087719298245614 0.006578947368421052 0.01023391812865497
0 0.46518640350877194 0.5990497076023392 0.006304824561403508 0.009502923976608187
0 0.5052083333333334 0.5508040935672515 0.006578947368421052 0.01023391812865497
0 0.5205592105263158 0.930921052631579 0.007401315789473684 0.012426900584795321
0 0.5910087719298246 0.43859649122807015 0.003837719298245614 0.004751461988304093
0 0.6151315789473685 0.3819444444444444 0.00356359649122807 0.005482456140350877
0 0.6345942982456141 0.44334795321637427 0.0043859649122807015 0.004751461988304093
0 0.6663925438596491 0.25146198830409355 0.001918859649122807 0.003654970760233918
0 0.6740679824561403 0.21271929824561403 0.0021929824561403508 0.003289473684210526
0 0.7952302631578947 0.528874269005848 0.0030153508771929823 0.0043859649122807015
0 0.8873355263157895 0.5182748538011696 0.00356359649122807 0.005116959064327485
0 0.8887061403508771 0.514985380116959 0.0024671052631578946 0.003654970760233918
