0 0.06387061403508772 0.75 0.0027412280701754384 0.0025584795321637425
0 0.07264254385964912 0.7474415204678363 0.00356359649122807 0.005116959064327485
0 0.1680372807017544 0.3618421052631579 0.00712719298245614 0.005482456140350877
0 0.17461622807017543 0.364766081871345 0.005482456140350877 0.008406432748538011
0 0.1825657894736842 0.3541666666666667 0.003837719298245614 0.006944444444444444
0 0.18640350877192982 0.3848684210526316 0.006304824561403508 0.00804093567251462
0 0.19298245614035087 0.3366228070175439 0.006304824561403508 0.008771929824561403
0 0.19709429824561403 0.32492690058479534 0.005482456140350877 0.008406432748538011
0 0.19983552631578946 0.4597953216374269 0.004660087719298245 0.005847953216374269
0 0.20339912280701755 0.4682017543859649 0.00356359649122807 0.006578947368421052
0 0.20778508771929824 0.44956140350877194 0.00356359649122807 0.003654970760233918
0 0.20970394736842105 0.45614035087719296 0.003837719298245614 0.005482456140350877
0 0.2138157894736842 0.6228070175438597 0.0043859649122807015 0.004751461988304093
0 0.2149122807017544 0.6279239766081871 0.004111842105263158 0.005847953216374269
0 0.22231359649122806 0.37755847953216376 0.005208333333333333 0.008771929824561403
0 0.23218201754385964 0.4652777777777778 0.004660087719298245 0.005482456140350877
0 0.25685307017543857 0.4733187134502924 0.004660087719298245 0.005847953216374269
0 0.2719298245614035 0.48464912280701755 0.00356359649122807 0.003654970760233918
0 0.29797149122807015 0.5727339181286549 0.005208333333333333 0.005847953216374269
0 0.3042763157894737 0.5047514619883041 0.004660087719298245 0.0043859649122807015
0 0.30646929824561403 0.58296783625731 0.004660087719298245 0.006944444444444444
0 0.30701754385964913 0.577485380116959 0.00356359649122807 0.006944444444444444
0 0.3081140350877193 0.5109649122807017 0.003289473684210526 0.00804093567251462
0 0.31359649122807015 0.5888157894736842 0.00356359649122807 0.005116959064327485
0 0.31414473684210525 0.5073099415204678 0.004660087719298245 0.0043859649122807015
0 0.3215460526315789 0.454312865497076 0.006030701754385965 0.006944444444444444
0 0.3218201754385965 0.4480994152046784 0.003289473684210526 0.0043859649122807015
0 0.3256578947368421 0.4517543859649123 0.00356359649122807 0.005847953216374269
0 0.3294956140350877 0.4407894736842105 0.003289473684210526 0.003289473684210526
0 0.3325109649122807 0.83296783625731 0.006030701754385965 0.009137426900584795
0 0.3366228070175439 0.43969298245614036 0.005482456140350877 0.0043859649122807015
0 0.34018640350877194 0.39364035087719296 0.003289473684210526 0.00402046783625731
0 0.34210526315789475 0.38998538011695905 0.0021929824561403508 0.0029239766081871343
0 0.34210526315789475 0.8000730994152047 0.007949561403508772 0.008771929824561403
0 0.3432017543859649 0.46747076023391815 0.003289473684210526 0.0043859649122807015
0 0.34539473684210525 0.9879385964912281 0.005482456140350877 0.007675438596491228
0 0.3456688596491228 0.3991228070175439 0.003289473684210526 0.0029239766081871343
0 0.34594298245614036 0.4656432748538012 0.004111842105263158 0.00402046783625731
0 0.34731359649122806 0.3855994152046784 0.0021929824561403508 0.0029239766081871343
0 0.35060307017543857 0.46381578947368424 0.0027412280701754384 0.00402046783625731
0 0.3692434210526316 0.6348684210526315 0.004934210526315789 0.007309941520467836
0 0.37390350877192985 0.3618421052631579 0.004111842105263158 0.005482456140350877
0 0.3813048245614035 0.6845760233918129 0.006304824561403508 0.008771929824561403
0 0.39035087719298245 0.9491959064327485 0.005482456140350877 0.009502923976608187
0 0.39172149122807015 0.7262426900584795 0.006578947368421052 0.007309941520467836
0 0.3963815789473684 0.7309941520467836 0.00849780701754386 0.009502923976608187
0 0.3980263157894737 0.6600877192982456 0.004934210526315789 0.005482456140350877
0 0.3985745614035088 0.6615497076023392 0.005482456140350877 0.007309941520467836
0 0.4087171052631579 0.7646198830409356 0.004660087719298245 0.01023391812865497
0 0.4147478070175439 0.7638888888888888 0.00932017543859649 0.008406432748538011
0 0.41584429824561403 0.680921052631579 0.005208333333333333 0.007309941520467836
0 0.41721491228070173 0.7372076023391813 0.007675438596491228 0.010964912280701754
0 0.41831140350877194 0.9411549707602339 0.007675438596491228 0.009502923976608187
0 0.4185855263157895 0.9331140350877193 0.00712719298245614 0.008406432748538011
0 0.41885964912280704 0.3516081871345029 0.006304824561403508 0.005116959064327485
0 0.42598684210526316 0.9418859649122807 0.007401315789473684 0.010599415204678362
0 0.42735745614035087 0.9206871345029239 0.004111842105263158 0.009868421052631578
0 0.4281798245614035 0.9649122807017544 0.003289473684210526 0.008771929824561403
0 0.4322916666666667 0.4455409356725146 0.006304824561403508 0.008771929824561403
0 0.4355811403508772 0.42507309941520466 0.006578947368421052 0.007675438596491228
0 0.43585526315789475 0.7247807017543859 0.007675438596491228 0.01023391812865497
0 0.4375 0.34868421052631576 0.0043859649122807015 0.005116959064327485
0 0.4375 0.43603801169590645 0.007949561403508772 0.00804093567251462
0 0.4399671052631579 0.35635964912280704 0.005756578947368421 0.008406432748538011
0 0.44435307017543857 0.7251461988304093 0.005482456140350877 0.008406432748538011
0 0.45093201754385964 0.9221491228070176 0.0030153508771929823 0.006578947368421052
0 0.4525767543859649 0.716374269005848 0.007675438596491228 0.01023391812865497
0 0.45394736842105265 0.36001461988304095 0.005756578947368421 0.008771929824561403
0 0.4588815789473684 0.7266081871345029 0.00712719298245614 0.01023391812865497
0 0.4597039473684211 0.7558479532163743 0.004660087719298245 0.006944444444444444
0 0.4629934210526316 0.36878654970760233 0.00712719298245614 0.005847953216374269
0 0.46408991228070173 0.9093567251461988 0.0030153508771929823 0.008406432748538011
0 0.46984649122807015 0.3746345029239766 0.005756578947368421 0.009137426900584795
0 0.47286184210526316 0.7346491228070176 0.005482456140350877 0.00804093567251462
0 0.48218201754385964 0.7108918128654971 0.007675438596491228 0.0062134502923976605
0 0.48519736842105265 0.7540204678362573 0.003837719298245614 0.0043859649122807015
0 0.4901315789473684 0.6999269005847953 0.005208333333333333 0.008771929824561403
0 0.4947916666666667 0.652046783625731 0.005756578947368421 0.0062134502923976605
0 0.49835526315789475 0.7123538011695907 0.006030701754385965 0.006944444444444444
0 0.49972587719298245 0.9279970760233918 0.0030153508771929823 0.004751461988304093
0 0.5076754385964912 0.8958333333333334 0.00356359649122807 0.004751461988304093
0 0.5205592105263158 0.7057748538011696 0.005482456140350877 0.006578947368421052
0 0.5216557017543859 0.7284356725146199 0.007949561403508772 0.006578947368421052
0 0.5337171052631579 0.7803362573099415 0.004660087719298245 0.00804093567251462
0 0.5370065789473685 0.7810672514619883 0.003289473684210526 0.008406432748538011
0 0.537828947368421 0.6860380116959064 0.004660087719298245 0.005847953216374269
0 0.5383771929824561 0.7748538011695907 0.005208333333333333 0.004751461988304093
0 0.5413925438596491 0.7094298245614035 0.006304824561403508 0.01023391812865497
0 0.5419407894736842 0.6900584795321637 0.004934210526315789 0.007675438596491228
0 0.5435855263157895 0.680921052631579 0.006304824561403508 0.007675438596491228
0 0.549890350877193 0.7266081871345029 0.005756578947368421 0.009868421052631578
0 0.5561951754385965 0.15862573099415206 0.006853070175438596 0.0062134502923976605
0 0.5625 0.1652046783625731 0.006030701754385965 0.00804093567251462
0 0.5677083333333334 0.6465643274853801 0.004934210526315789 0.008406432748538011
0 0.5688048245614035 0.631578947368421 0.005208333333333333 0.007309941520467836
0 0.5707236842105263 0.6414473684210527 0.005482456140350877 0.0062134502923976605
0 0.5740131578947368 0.16045321637426901 0.007401315789473684 0.0062134502923976605
0 0.5740131578947368 0.2883771929824561 0.0030153508771929823 0.006578947368421052
0 0.5759320175438597 0.1684941520467836 0.006578947368421052 0.007309941520467836
0 0.5775767543859649 0.7598684210526315 0.003289473684210526 0.005482456140350877
0 0.5778508771929824 0.7521929824561403 0.006030701754385965 0.005116959064327485
0 0.5805921052631579 0.19334795321637427 0.004934210526315789 0.006578947368421052
0 0.5805921052631579 0.8366228070175439 0.005482456140350877 0.009502923976608187
0 0.5855263157894737 0.195906432748538 0.005482456140350877 0.009502923976608187
0 0.5893640350877193 0.7591374269005848 0.004111842105263158 0.005482456140350877
0 0.5899122807017544 0.626827485380117 0.007401315789473684 0.009868421052631578
0 0.5912828947368421 0.1597222222222222 0.006578947368421052 0.006578947368421052
0 0.5915570175438597 0.10124269005847954 0.005756578947368421 0.01425438596491228
0 0.59375 0.15058479532163743 0.004934210526315789 0.005847953216374269
0 0.5973135964912281 0.7635233918128655 0.004660087719298245 0.005116959064327485
0 0.5975877192982456 0.7638888888888888 0.004660087719298245 0.0062134502923976605
0 0.6014254385964912 0.7492690058479532 0.006853070175438596 0.006578947368421052
0 0.6019736842105263 0.6663011695906432 0.005756578947368421 0.009868421052631578
0 0.6025219298245614 0.18932748538011696 0.0043859649122807015 0.005847953216374269
0 0.6060855263157895 0.6984649122807017 0.003837719298245614 0.005116959064327485
0 0.6228070175438597 0.9535818713450293 0.006030701754385965 0.00804093567251462
0 0.625 0.6779970760233918 0.004660087719298245 0.009502923976608187
0 0.625 0.6875 0.005756578947368421 0.007675438596491228
0 0.6291118421052632 0.14327485380116958 0.005208333333333333 0.008771929824561403
0 0.6324013157894737 0.6396198830409356 0.00932017543859649 0.0062134502923976605
0 0.634046052631579 0.6440058479532164 0.0043859649122807015 0.005116959064327485
0 0.6417214912280702 0.658625730994152 0.00932017543859649 0.008406432748538011
0 0.6422697368421053 0.778874269005848 0.00356359649122807 0.009868421052631578
0 0.6507675438596491 0.7832602339181286 0.006304824561403508 0.008406432748538011
0 0.6529605263157895 0.6447368421052632 0.00712719298245614 0.0062134502923976605
0 0.6567982456140351 0.7503654970760234 0.005756578947368421 0.005116959064327485
0 0.6614583333333334 0.7459795321637427 0.006304824561403508 0.007675438596491228
0 0.671875 0.8713450292397661 0.0024671052631578946 0.003289473684210526
0 0.6762609649122807 0.8691520467836257 0.004660087719298245 0.007309941520467836
0 0.6762609649122807 0.8764619883040936 0.005208333333333333 0.005847953216374269
0 0.6842105263157895 0.8622076023391813 0.0030153508771929823 0.004751461988304093
0 0.6883223684210527 0.4996345029239766 0.003289473684210526 0.00402046783625731
0 0.7003837719298246 0.5109649122807017 0.00356359649122807 0.003654970760233918
0 0.7064144736842105 0.972953216374269 0.005208333333333333 0.0062134502923976605
0 0.7075109649122807 0.7605994152046783 0.006030701754385965 0.008771929824561403
0 0.7108004385964912 0.9817251461988304 0.003289473684210526 0.003654970760233918
0 0.7113486842105263 0.9766081871345029 0.003289473684210526 0.004751461988304093
0 0.7118969298245614 0.9766081871345029 0.004111842105263158 0.004751461988304093
0 0.7198464912280702 0.48062865497076024 0.004660087719298245 0.006578947368421052
0 0.7203947368421053 0.48026315789473684 0.003289473684210526 0.003654970760233918
0 0.7223135964912281 0.9897660818713451 0.005208333333333333 0.0062134502923976605
0 0.7223135964912281 0.9897660818713451 0.005208333333333333 0.006944444444444444
0 0.7223135964912281 0.9970760233918129 0.005756578947368421 0.005116959064327485
0 0.7242324561403509 0.4762426900584795 0.006304824561403508 0.008406432748538011
0 0.7379385964912281 0.47368421052631576 0.006578947368421052 0.008771929824561403
0 0.7406798245614035 0.48501461988304095 0.006578947368421052 0.009137426900584795
0 0.7456140350877193 0.8845029239766082 0.006030701754385965 0.01206140350877193
0 0.7475328947368421 0.6772660818713451 0.0043859649122807015 0.0029239766081871343
0 0.7508223684210527 0.47953216374269003 0.004660087719298245 0.004751461988304093
0 0.7508223684210527 0.4857456140350877 0.005208333333333333 0.006944444444444444
0 0.7513706140350878 0.6326754385964912 0.003837719298245614 0.004751461988304093
0 0.756578947368421 0.4788011695906433 0.006030701754385965 0.0062134502923976605
0 0.756578947368421 0.653874269005848 0.0024671052631578946 0.003654970760233918
0 0.7571271929824561 0.6652046783625731 0.00356359649122807 0.003289473684210526
0 0.7664473684210527 0.6169590643274854 0.004660087719298245 0.005482456140350877
0 0.7738486842105263 0.47953216374269003 0.005756578947368421 0.0062134502923976605
0 0.7752192982456141 0.49122807017543857 0.004934210526315789 0.004751461988304093
0 0.7916666666666666 0.42507309941520466 0.005208333333333333 0.005847953216374269
0 0.9166666666666666 0.9137426900584795 0.00356359649122807 0.0043859649122807015
0 0.9185855263157895 0.9093567251461988 0.004111842105263158 0.0062134502923976605
0 0.9775219298245614 0.8234649122807017 0.004660087719298245 0.00804093567251462
