0 0.28097587719298245 0.4057017543859649 0.004934210526315789 0.007309941520467836
0 0.28152412280701755 0.38633040935672514 0.0043859649122807015 0.0062134502923976605
0 0.2891995614035088 0.4141081871345029 0.005208333333333333 0.006944444444444444
0 0.29002192982456143 0.6600877192982456 0.006578947368421052 0.01023391812865497
0 0.29139254385964913 0.3929093567251462 0.004111842105263158 0.00804093567251462
0 0.29276315789473684 0.3991228070175439 0.004934210526315789 0.008771929824561403
0 0.3717105263157895 0.3432017543859649 0.005208333333333333 0.00804093567251462
0 0.375 0.33516081871345027 0.004660087719298245 0.006578947368421052
0 0.375 0.3468567251461988 0.004660087719298245 0.00804093567251462
0 0.37664473684210525 0.3399122807017544 0.0043859649122807015 0.006578947368421052
0 0.4564144736842105 0.13157894736842105 0.00356359649122807 0.005116959064327485
0 0.4862938596491228 0.6366959064327485 0.0043859649122807015 0.006578947368421052
0 0.4975328947368421 0.42543859649122806 0.0043859649122807015 0.006578947368421052
0 0.49835526315789475 0.4331140350877193 0.004660087719298245 0.007309941520467836
0 0.5767543859649122 0.6461988304093568 0.003289473684210526 0.0062134502923976605
0 0.59375 0.6030701754385965 0.004934210526315789 0.008771929824561403
0 0.643640350877193 0.3830409356725146 0.0043859649122807015 0.006578947368421052
0 0.6611842105263158 0.38669590643274854 0.003837719298245614 0.00402046783625731
0 0.6735197368421053 0.6900584795321637 0.004660087719298245 0.007675438596491228
0 0.6864035087719298 0.4766081871345029 0.004660087719298245 0.006944444444444444
0 0.6872258771929824 0.41154970760233917 0.0043859649122807015 0.006578947368421052
0 0.6962719298245614 0.6951754385964912 0.005208333333333333 0.00804093567251462
0 0.7003837719298246 0.4828216374269006 0.004934210526315789 0.0062134502923976605
0 0.7039473684210527 0.48866959064327486 0.003837719298245614 0.007675438596491228
0 0.7110745614035088 0.6264619883040936 0.0043859649122807015 0.006578947368421052
0 0.7146381578947368 0.7207602339181286 0.0043859649122807015 0.00804093567251462
0 0.7162828947368421 0.6838450292397661 0.004660087719298245 0.006578947368421052
0 0.7250548245614035 0.6849415204678363 0.0043859649122807015 0.006578947368421052
