0 0.3569078947368421 0.4375 0.006578947368421052 0.00804093567251462
0 0.35718201754385964 0.5241228070175439 0.007949561403508772 0.011695906432748537
0 0.36403508771929827 0.6158625730994152 0.007949561403508772 0.009502923976608187
0 0.36430921052631576 0.4382309941520468 0.006853070175438596 0.010964912280701754
0 0.37417763157894735 0.4868421052631579 0.005208333333333333 0.006578947368421052
0 0.3774671052631579 0.5036549707602339 0.006578947368421052 0.00804093567251462
0 0.37993421052631576 0.6059941520467836 0.006304824561403508 0.008771929824561403
0 0.3815789473684211 0.4276315789473684 0.004660087719298245 0.009502923976608187
0 0.38459429824561403 0.38084795321637427 0.006030701754385965 0.00804093567251462
0 0.3887061403508772 0.391812865497076 0.006030701754385965 0.00804093567251462
0 0.3939144736842105 0.39400584795321636 0.00712719298245614 0.01023391812865497
0 0.3991228070175439 0.5453216374269005 0.007949561403508772 0.009502923976608187
0 0.40158991228070173 0.48793859649122806 0.006304824561403508 0.00804093567251462
0 0.40597587719298245 0.47149122807017546 0.007401315789473684 0.007309941520467836
0 0.40652412280701755 0.4857456140350877 0.004934210526315789 0.006578947368421052
0 0.40734649122807015 0.5511695906432749 0.00932017543859649 0.011695906432748537
0 0.4141995614035088 0.47404970760233917 0.007949561403508772 0.010964912280701754
0 0.42105263157894735 0.3362573099415205 0.006578947368421052 0.008771929824561403
0 0.42160087719298245 0.35928362573099415 0.008771929824561403 0.01023391812865497
0 0.4270833333333333 0.32785087719298245 0.006578947368421052 0.009502923976608187
0 0.4284539473684211 0.37719298245614036 0.006853070175438596 0.009502923976608187
0 0.4303728070175439 0.9108187134502924 0.009594298245614035 0.013888888888888888
0 0.4311951754385965 0.31067251461988304 0.004660087719298245 0.006578947368421052
0 0.44051535087719296 0.944078947368421 0.006578947368421052 0.009502923976608187
0 0.4438048245614035 0.31140350877192985 0.006853070175438596 0.007309941520467836
0 0.4583333333333333 0.3132309941520468 0.006304824561403508 0.007309941520467836
0 0.46573464912280704 0.6136695906432749 0.008771929824561403 0.013157894736842105
0 0.47094298245614036 0.8629385964912281 0.007401315789473684 0.013888888888888888
0 0.4819078947368421 0.6111111111111112 0.009594298245614035 0.011695906432748537
0 0.5164473684210527 0.6498538011695907 0.007401315789473684 0.008771929824561403
0 0.5471491228070176 0.4791666666666667 0.010142543859649123 0.010964912280701754
0 0.5567434210526315 0.4407894736842105 0.010964912280701754 0.012426900584795321
0 0.571546052631579 0.39437134502923976 0.006578947368421052 0.007675438596491228
0 0.5764802631578947 0.36951754385964913 0.008771929824561403 0.010964912280701754
0 0.5773026315789473 0.3570906432748538 0.00712719298245614 0.009502923976608187
0 0.5808662280701754 0.4228801169590643 0.005756578947368421 0.009137426900584795
0 0.5893640350877193 0.3746345029239766 0.006578947368421052 0.009502923976608187
0 0.5918311403508771 0.49744152046783624 0.01069078947368421 0.00804093567251462
0 0.6110197368421053 0.6509502923976608 0.011513157894736841 0.013157894736842105
0 0.6112938596491229 0.6366959064327485 0.008771929824561403 0.01023391812865497
0 0.6121162280701754 0.46016081871345027 0.009868421052631578 0.010964912280701754
0 0.625 0.4195906432748538 0.00712719298245614 0.010599415204678362
0 0.6252741228070176 0.43640350877192985 0.005756578947368421 0.010599415204678362
0 0.6485745614035088 0.6136695906432749 0.00712719298245614 0.010599415204678362
0 0.6779057017543859 0.6458333333333334 0.005208333333333333 0.005482456140350877
0 0.7401315789473685 0.32127192982456143 0.0043859649122807015 0.005847953216374269
