0 0.017269736842105265 0.8508771929824561 0.011513157894736841 0.019371345029239765
0 0.03728070175438596 0.6933479532163743 0.009594298245614035 0.01425438596491228
0 0.04303728070175439 0.5687134502923976 0.009046052631578948 0.01425438596491228
0 0.0556469298245614 0.9217836257309941 0.01069078947368421 0.014619883040935672
0 0.059484649122807015 0.8644005847953217 0.010142543859649123 0.017178362573099414
0 0.061677631578947366 0.8932748538011696 0.00932017543859649 0.01425438596491228
0 0.06277412280701754 0.9071637426900585 0.01069078947368421 0.017909356725146198
0 0.06387061403508772 0.8724415204678363 0.012609649122807017 0.014619883040935672
0 0.06524122807017543 0.8830409356725146 0.008771929824561403 0.014985380116959063
0 0.06798245614035088 0.6834795321637427 0.00849780701754386 0.014985380116959063
0 0.07510964912280702 0.8866959064327485 0.010964912280701754 0.01827485380116959
0 0.07757675438596491 0.9407894736842105 0.006853070175438596 0.009868421052631578
0 0.0825109649122807 0.9948830409356725 0.010964912280701754 0.009868421052631578
0 0.08388157894736842 0.9652777777777778 0.012335526315789474 0.017909356725146198
0 0.09100877192982457 0.8654970760233918 0.01069078947368421 0.019005847953216373
0 0.0918311403508772 0.9839181286549707 0.010964912280701754 0.01864035087719298
0 0.09676535087719298 0.8830409356725146 0.008223684210526315 0.01425438596491228
0 0.10334429824561403 0.589546783625731 0.008223684210526315 0.015350877192982455
0 0.10361842105263158 0.8011695906432749 0.01069078947368421 0.017543859649122806
0 0.10444078947368421 0.7569444444444444 0.010964912280701754 0.016812865497076022
0 0.10526315789473684 0.5628654970760234 0.005756578947368421 0.012792397660818713
0 0.11211622807017543 0.5562865497076024 0.007675438596491228 0.015350877192982455
0 0.11239035087719298 0.9367690058479532 0.009868421052631578 0.017543859649122806
0 0.11951754385964912 0.9316520467836257 0.010416666666666666 0.01608187134502924
0 0.13514254385964913 0.8026315789473685 0.010964912280701754 0.01644736842105263
0 0.14391447368421054 0.743421052631579 0.009868421052631578 0.015716374269005847
0 0.14528508771929824 0.8062865497076024 0.010416666666666666 0.01644736842105263
0 0.15350877192982457 0.17178362573099415 0.014528508771929825 0.021929824561403508
0 0.1581688596491228 0.508406432748538 0.007675438596491228 0.011330409356725146
0 0.15899122807017543 0.52046783625731 0.01206140350877193 0.012792397660818713
0 0.17160087719298245 0.4594298245614035 0.006853070175438596 0.009868421052631578
0 0.17626096491228072 0.4517543859649123 0.006853070175438596 0.010599415204678362
0 0.18283991228070176 0.7353801169590644 0.01206140350877193 0.014985380116959063
0 0.1962719298245614 0.820906432748538 0.012335526315789474 0.016812865497076022
0 0.19682017543859648 0.7097953216374269 0.011239035087719298 0.017909356725146198
0 0.20449561403508773 0.827485380116959 0.011513157894736841 0.02010233918128655
0 0.20531798245614036 0.8570906432748538 0.009594298245614035 0.015716374269005847
0 0.20723684210526316 0.8687865497076024 0.010416666666666666 0.020833333333333332
0 0.21107456140350878 0.8223684210526315 0.010416666666666666 0.01425438596491228
0 0.2118969298245614 0.8669590643274854 0.011513157894736841 0.01864035087719298
0 0.21710526315789475 0.7028508771929824 0.009868421052631578 0.017909356725146198
0 0.2206688596491228 0.7916666666666666 0.013706140350877192 0.01827485380116959
0 0.2206688596491228 0.8633040935672515 0.01343201754385965 0.014619883040935672
0 0.22423245614035087 0.7997076023391813 0.00932017543859649 0.01608187134502924
0 0.22505482456140352 0.7777777777777778 0.011239035087719298 0.01827485380116959
0 0.22861842105263158 0.7331871345029239 0.010416666666666666 0.017543859649122806
0 0.24588815789473684 0.7595029239766082 0.010416666666666666 0.01644736842105263
0 0.27165570175438597 0.5486111111111112 0.007949561403508772 0.01425438596491228
0 0.29139254385964913 0.5098684210526315 0.006578947368421052 0.005116959064327485
0 0.29139254385964913 0.5179093567251462 0.008771929824561403 0.010964912280701754
0 0.3119517543859649 0.49817251461988304 0.009046052631578948 0.013157894736842105
0 0.3199013157894737 0.5003654970760234 0.006304824561403508 0.007675438596491228
0 0.3338815789473684 0.3092105263157895 0.015899122807017545 0.02448830409356725
0 0.3495065789473684 0.3081140350877193 0.017543859649122806 0.021198830409356724
0 0.4081688596491228 0.26644736842105265 0.012335526315789474 0.024853801169590642
0 0.4413377192982456 0.2138157894736842 0.00932017543859649 0.01864035087719298
0 0.46463815789473684 0.5800438596491229 0.014528508771929825 0.021929824561403508
0 0.48464912280701755 0.8457602339181286 0.010416666666666666 0.01644736842105263
0 0.5052083333333334 0.514985380116959 0.012335526315789474 0.023391812865497075
0 0.5180921052631579 0.5891812865497076 0.015350877192982455 0.020833333333333332
0 0.5331688596491229 0.33296783625730997 0.011513157894736841 0.020833333333333332
0 0.5331688596491229 0.5858918128654971 0.015076754385964912 0.019736842105263157
0 0.5460526315789473 0.31761695906432746 0.011513157894736841 0.01608187134502924
0 0.5474232456140351 0.5818713450292398 0.015076754385964912 0.023391812865497075
0 0.5496162280701754 0.28764619883040937 0.013980263157894737 0.024853801169590642
0 0.5630482456140351 0.3194444444444444 0.011513157894736841 0.019736842105263157
0 0.5740131578947368 0.29678362573099415 0.01617324561403509 0.02010233918128655
0 0.5742872807017544 0.7203947368421053 0.013980263157894737 0.025950292397660817
0 0.575109649122807 0.5614035087719298 0.011787280701754386 0.017543859649122806
0 0.5783991228070176 0.2565789473684211 0.013706140350877192 0.025219298245614034
0 0.5805921052631579 0.570906432748538 0.01069078947368421 0.012792397660818713
0 0.5863486842105263 0.5544590643274854 0.013157894736842105 0.024853801169590642
0 0.6296600877192983 0.4024122807017544 0.012335526315789474 0.020833333333333332
0 0.6644736842105263 0.7255116959064327 0.006853070175438596 0.009502923976608187
0 0.6685855263157895 0.72953216374269 0.007675438596491228 0.013888888888888888
0 0.6696820175438597 0.44371345029239767 0.014802631578947368 0.019736842105263157
0 0.6814692982456141 0.5932017543859649 0.015076754385964912 0.03289473684210526
0 0.7080592105263158 0.5102339181286549 0.01836622807017544 0.02412280701754386
0 0.7231359649122807 0.6173245614035088 0.014528508771929825 0.024853801169590642
0 0.7837171052631579 0.7934941520467836 0.011513157894736841 0.016812865497076022
