0 0.41721491228070173 0.5325292397660819 0.003837719298245614 0.006578947368421052
0 0.5208333333333334 0.7616959064327485 0.00356359649122807 0.003289473684210526
0 0.5216557017543859 0.7660818713450293 0.004934210526315789 0.005847953216374269
0 0.524671052631579 0.7631578947368421 0.0030153508771929823 0.005116959064327485
0 0.5263157894736842 0.7551169590643275 0.003289473684210526 0.003654970760233918
0 0.5317982456140351 0.329312865497076 0.005756578947368421 0.008771929824561403
0 0.5712719298245614 0.40131578947368424 0.005208333333333333 0.00804093567251462
0 0.5775767543859649 0.8132309941520468 0.008771929824561403 0.011695906432748537
0 0.581140350877193 0.3983918128654971 0.0043859649122807015 0.005847953216374269
0 0.6458333333333334 0.3271198830409357 0.005756578947368421 0.007309941520467836
0 0.6869517543859649 0.3527046783625731 0.0043859649122807015 0.008406432748538011
