0 0.001918859649122807 0.2741228070175439 0.003837719298245614 0.009502923976608187
0 0.012335526315789474 0.2569444444444444 0.006030701754385965 0.008771929824561403
0 0.012335526315789474 0.4053362573099415 0.005756578947368421 0.008771929824561403
0 0.0200109649122807 0.2638888888888889 0.006030701754385965 0.009502923976608187
0 0.0200109649122807 0.2817982456140351 0.0043859649122807015 0.0043859649122807015
0 0.023026315789473683 0.5793128654970761 0.006578947368421052 0.009502923976608187
0 0.023848684210526317 0.25511695906432746 0.005208333333333333 0.008771929824561403
0 0.03618421052631579 0.4608918128654971 0.00712719298245614 0.009502923976608187
0 0.0400219298245614 0.4641812865497076 0.004111842105263158 0.005116959064327485
0 0.04084429824561404 0.8424707602339181 0.0043859649122807015 0.006578947368421052
0 0.0424890350877193 0.23574561403508773 0.004934210526315789 0.003654970760233918
0 0.04276315789473684 0.2309941520467836 0.005756578947368421 0.005116959064327485
0 0.04632675438596491 0.21673976608187134 0.005208333333333333 0.00804093567251462
0 0.049342105263157895 0.2013888888888889 0.005756578947368421 0.009502923976608187
0 0.06469298245614036 0.2185672514619883 0.006030701754385965 0.007309941520467836
0 0.06661184210526316 0.5226608187134503 0.0043859649122807015 0.005482456140350877
0 0.0737390350877193 0.17470760233918128 0.004660087719298245 0.006578947368421052
0 0.07456140350877193 0.21162280701754385 0.004934210526315789 0.007309941520467836
0 0.0756578947368421 0.21820175438596492 0.006030701754385965 0.008771929824561403
0 0.07757675438596491 0.43238304093567254 0.005756578947368421 0.007309941520467836
0 0.07867324561403509 0.6074561403508771 0.005756578947368421 0.00804093567251462
0 0.08662280701754387 0.19480994152046785 0.004660087719298245 0.006578947368421052
0 0.08771929824561403 0.21308479532163743 0.004660087719298245 0.007309941520467836
0 0.09375 0.16045321637426901 0.005756578947368421 0.006578947368421052
0 0.10142543859649122 0.16739766081871346 0.004934210526315789 0.00804093567251462
0 0.10142543859649122 0.19846491228070176 0.00712719298245614 0.008771929824561403
0 0.10663377192982457 0.20358187134502925 0.006853070175438596 0.009502923976608187
0 0.11567982456140351 0.16447368421052633 0.006578947368421052 0.007309941520467836
0 0.11951754385964912 0.14802631578947367 0.005208333333333333 0.006578947368421052
0 0.11951754385964912 0.2565789473684211 0.004660087719298245 0.007309941520467836
0 0.1206140350877193 0.2627923976608187 0.0043859649122807015 0.007309941520467836
0 0.140625 0.12573099415204678 0.005208333333333333 0.00804093567251462
0 0.14528508771929824 0.22843567251461988 0.005756578947368421 0.008771929824561403
0 0.14583333333333334 0.49415204678362573 0.006304824561403508 0.00804093567251462
0 0.15186403508771928 0.2189327485380117 0.006030701754385965 0.008771929824561403
0 0.15460526315789475 0.5029239766081871 0.005756578947368421 0.008771929824561403
0 0.15679824561403508 0.22989766081871346 0.007949561403508772 0.007309941520467836
0 0.15789473684210525 0.5785818713450293 0.006578947368421052 0.008771929824561403
0 0.16282894736842105 0.375 0.004660087719298245 0.008771929824561403
0 0.16776315789473684 0.38633040935672514 0.005208333333333333 0.007309941520467836
0 0.17023026315789475 0.17763157894736842 0.0043859649122807015 0.007309941520467836
0 0.17242324561403508 0.3709795321637427 0.004660087719298245 0.008771929824561403
0 0.18859649122807018 0.6264619883040936 0.006578947368421052 0.008771929824561403
0 0.19188596491228072 0.6151315789473685 0.00712719298245614 0.010964912280701754
0 0.20531798245614036 0.19298245614035087 0.004934210526315789 0.00804093567251462
0 0.20723684210526316 0.5800438596491229 0.006853070175438596 0.009502923976608187
0 0.2168311403508772 0.18421052631578946 0.005756578947368421 0.008771929824561403
0 0.22149122807017543 0.6370614035087719 0.004660087719298245 0.006578947368421052
0 0.23026315789473684 0.059941520467836254 0.0043859649122807015 0.007309941520467836
0 0.234375 0.6805555555555556 0.008223684210526315 0.011695906432748537
0 0.23601973684210525 0.021929824561403508 0.004111842105263158 0.005847953216374269
0 0.24753289473684212 0.4334795321637427 0.003837719298245614 0.005847953216374269
0 0.2582236842105263 0.08881578947368421 0.004934210526315789 0.00804093567251462
0 0.26288377192982454 0.0402046783625731 0.004934210526315789 0.007309941520467836
0 0.2713815789473684 0.6366959064327485 0.00356359649122807 0.003654970760233918
0 0.27165570175438597 0.6461988304093568 0.005208333333333333 0.008771929824561403
0 0.27439692982456143 0.6414473684210527 0.003289473684210526 0.0062134502923976605
0 0.27521929824561403 0.04093567251461988 0.006030701754385965 0.00804093567251462
0 0.27960526315789475 0.03508771929824561 0.0043859649122807015 0.007309941520467836
0 0.28042763157894735 0.06907894736842106 0.005208333333333333 0.009502923976608187
0 0.28344298245614036 0.22039473684210525 0.005208333333333333 0.009502923976608187
0 0.2856359649122807 0.37646198830409355 0.00712719298245614 0.008771929824561403
0 0.28618421052631576 0.3757309941520468 0.005208333333333333 0.007309941520467836
0 0.28673245614035087 0.09904970760233918 0.004934210526315789 0.008771929824561403
0 0.2883771929824561 0.32419590643274854 0.004934210526315789 0.007309941520467836
0 0.29221491228070173 0.32894736842105265 0.006030701754385965 0.008771929824561403
0 0.29221491228070173 0.3684210526315789 0.005756578947368421 0.00804093567251462
0 0.2924890350877193 0.09904970760233918 0.005756578947368421 0.00804093567251462
0 0.29605263157894735 0.09539473684210527 0.0043859649122807015 0.007309941520467836
0 0.29797149122807015 0.4016812865497076 0.006578947368421052 0.008771929824561403
0 0.29961622807017546 0.40826023391812866 0.004934210526315789 0.00804093567251462
0 0.30153508771929827 0.30994152046783624 0.0043859649122807015 0.005847953216374269
0 0.3081140350877193 0.6896929824561403 0.004111842105263158 0.005116959064327485
0 0.31085526315789475 0.03654970760233918 0.0043859649122807015 0.005847953216374269
0 0.3138706140350877 0.23866959064327486 0.006304824561403508 0.00804093567251462
0 0.3149671052631579 0.0489766081871345 0.005208333333333333 0.00804093567251462
0 0.31716008771929827 0.11366959064327485 0.005756578947368421 0.008771929824561403
0 0.3190789473684211 0.15899122807017543 0.003837719298245614 0.0043859649122807015
0 0.3229166666666667 0.16703216374269006 0.004660087719298245 0.007309941520467836
0 0.3294956140350877 0.23830409356725146 0.004934210526315789 0.007309941520467836
0 0.3347039473684211 0.23793859649122806 0.004111842105263158 0.005847953216374269
0 0.3363486842105263 0.23720760233918128 0.006578947368421052 0.007309941520467836
0 0.3371710526315789 0.23135964912280702 0.005208333333333333 0.005116959064327485
0 0.3374451754385965 0.23574561403508773 0.004111842105263158 0.003654970760233918
0 0.3374451754385965 0.23574561403508773 0.0043859649122807015 0.0043859649122807015
0 0.3393640350877193 0.6421783625730995 0.005756578947368421 0.00804093567251462
0 0.34676535087719296 0.6593567251461988 0.004660087719298245 0.00804093567251462
0 0.3470394736842105 0.6955409356725146 0.0043859649122807015 0.007309941520467836
0 0.3541666666666667 0.547514619883041 0.00356359649122807 0.005116959064327485
0 0.35827850877192985 0.20869883040935672 0.0043859649122807015 0.007309941520467836
0 0.36211622807017546 0.11951754385964912 0.0043859649122807015 0.007309941520467836
0 0.3637609649122807 0.21820175438596492 0.004660087719298245 0.007309941520467836
0 0.3651315789473684 0.0807748538011696 0.005756578947368421 0.008771929824561403
0 0.3675986842105263 0.006578947368421052 0.006578947368421052 0.011695906432748537
0 0.37280701754385964 0.006578947368421052 0.006030701754385965 0.009502923976608187
0 0.3755482456140351 0.5263157894736842 0.0043859649122807015 0.006578947368421052
0 0.37664473684210525 0.6505847953216374 0.005756578947368421 0.009502923976608187
0 0.38103070175438597 0.3826754385964912 0.005756578947368421 0.008771929824561403
0 0.3862390350877193 0.38084795321637427 0.0043859649122807015 0.006578947368421052
0 0.38788377192982454 0.12317251461988304 0.004660087719298245 0.0062134502923976605
0 0.38980263157894735 0.3826754385964912 0.005208333333333333 0.008771929824561403
0 0.3930921052631579 0.1838450292397661 0.004934210526315789 0.007309941520467836
0 0.3985745614035088 0.11988304093567251 0.004111842105263158 0.008406432748538011
0 0.40213815789473684 0.27997076023391815 0.005756578947368421 0.008771929824561403
0 0.40981359649122806 0.5698099415204678 0.005756578947368421 0.009502923976608187
0 0.4125548245614035 0.5741959064327485 0.0043859649122807015 0.006578947368421052
0 0.4155701754385965 0.30994152046783624 0.003837719298245614 0.005116959064327485
0 0.41584429824561403 0.30409356725146197 0.004934210526315789 0.008771929824561403
0 0.4166666666666667 0.1070906432748538 0.004660087719298245 0.008771929824561403
0 0.4166666666666667 0.26096491228070173 0.0043859649122807015 0.006578947368421052
0 0.4185855263157895 0.25292397660818716 0.005756578947368421 0.008771929824561403
0 0.4185855263157895 0.26498538011695905 0.003837719298245614 0.005116959064327485
0 0.41968201754385964 0.3084795321637427 0.006030701754385965 0.009502923976608187
0 0.42461622807017546 0.12938596491228072 0.004111842105263158 0.005847953216374269
0 0.43722587719298245 0.059941520467836254 0.006304824561403508 0.01023391812865497
0 0.44243421052631576 0.06615497076023392 0.005756578947368421 0.009502923976608187
0 0.4427083333333333 0.17616959064327486 0.00356359649122807 0.005116959064327485
0 0.44353070175438597 0.36366959064327486 0.0043859649122807015 0.007309941520467836
0 0.4459978070175439 0.17324561403508773 0.003837719298245614 0.005847953216374269
0 0.44901315789473684 0.1703216374269006 0.005208333333333333 0.007309941520467836
0 0.4506578947368421 0.4294590643274854 0.004111842105263158 0.006578947368421052
0 0.45093201754385964 0.7989766081871345 0.004934210526315789 0.00804093567251462
0 0.45394736842105265 0.09502923976608187 0.004660087719298245 0.007309941520467836
0 0.4624451754385965 0.009502923976608187 0.006030701754385965 0.01023391812865497
0 0.46408991228070173 0.028143274853801168 0.004111842105263158 0.007309941520467836
0 0.46463815789473684 0.42507309941520466 0.004934210526315789 0.007309941520467836
0 0.4662828947368421 0.0043859649122807015 0.006030701754385965 0.008771929824561403
0 0.4662828947368421 0.19809941520467836 0.004934210526315789 0.008771929824561403
0 0.46875 0.42141812865497075 0.003837719298245614 0.005116959064327485
0 0.46984649122807015 0.031432748538011694 0.0043859649122807015 0.007309941520467836
0 0.4701206140350877 0.3344298245614035 0.004660087719298245 0.008771929824561403
0 0.4706688596491228 0.07309941520467836 0.003837719298245614 0.005116959064327485
0 0.47094298245614036 0.00804093567251462 0.006030701754385965 0.009502923976608187
0 0.47094298245614036 0.08442982456140351 0.005208333333333333 0.00804093567251462
0 0.47286184210526316 0.017543859649122806 0.005756578947368421 0.009502923976608187
0 0.47368421052631576 0.07419590643274854 0.00356359649122807 0.005116959064327485
0 0.47752192982456143 0.014985380116959063 0.006578947368421052 0.010964912280701754
0 0.47752192982456143 0.0983187134502924 0.004934210526315789 0.008771929824561403
0 0.47834429824561403 0.01644736842105263 0.007949561403508772 0.013888888888888888
0 0.4805372807017544 0.15058479532163743 0.003837719298245614 0.005847953216374269
0 0.48327850877192985 0.28691520467836257 0.006030701754385965 0.008771929824561403
0 0.48355263157894735 0.3121345029239766 0.005208333333333333 0.007309941520467836
0 0.48601973684210525 0.14912280701754385 0.004660087719298245 0.007309941520467836
0 0.4909539473684211 0.18055555555555555 0.003837719298245614 0.005847953216374269
0 0.4917763157894737 0.1527777777777778 0.004660087719298245 0.007309941520467836
0 0.5021929824561403 0.32785087719298245 0.004660087719298245 0.007309941520467836
0 0.5052083333333334 0.009502923976608187 0.0043859649122807015 0.006578947368421052
0 0.5137061403508771 0.1301169590643275 0.005208333333333333 0.008771929824561403
0 0.5145285087719298 0.12171052631578948 0.004660087719298245 0.008771929824561403
0 0.5197368421052632 0.35526315789473684 0.0043859649122807015 0.007309941520467836
0 0.5208333333333334 0.13084795321637427 0.005756578947368421 0.01023391812865497
0 0.5317982456140351 0.5734649122807017 0.003837719298245614 0.007309941520467836
0 0.5353618421052632 0.3220029239766082 0.0043859649122807015 0.00804093567251462
0 0.5375548245614035 0.017909356725146198 0.004934210526315789 0.007309941520467836
0 0.5383771929824561 0.13230994152046785 0.004660087719298245 0.009502923976608187
0 0.5408442982456141 0.2646198830409357 0.005208333333333333 0.00804093567251462
0 0.5416666666666666 0.13048245614035087 0.0043859649122807015 0.007309941520467836
0 0.5422149122807017 0.6736111111111112 0.003837719298245614 0.006578947368421052
0 0.5424890350877193 0.03508771929824561 0.005208333333333333 0.009502923976608187
0 0.5460526315789473 0.6699561403508771 0.0027412280701754384 0.004751461988304093
0 0.5460526315789473 0.6765350877192983 0.005208333333333333 0.00804093567251462
0 0.5471491228070176 0.2631578947368421 0.006578947368421052 0.00804093567251462
0 0.5493421052631579 0.322733918128655 0.004660087719298245 0.005847953216374269
0 0.5507127192982456 0.2719298245614035 0.005208333333333333 0.00804093567251462
0 0.5578399122807017 0.04239766081871345 0.004660087719298245 0.009502923976608187
0 0.5597587719298246 0.03654970760233918 0.0043859649122807015 0.00804093567251462
0 0.5646929824561403 0.05080409356725146 0.0043859649122807015 0.006578947368421052
0 0.5652412280701754 0.1421783625730994 0.00356359649122807 0.005116959064327485
0 0.565515350877193 0.03654970760233918 0.0043859649122807015 0.006578947368421052
0 0.581140350877193 0.1421783625730994 0.0043859649122807015 0.007309941520467836
0 0.5852521929824561 0.3607456140350877 0.005208333333333333 0.009502923976608187
0 0.5899122807017544 0.36659356725146197 0.00712719298245614 0.011695906432748537
0 0.59375 0.7357456140350878 0.004660087719298245 0.007309941520467836
0 0.5953947368421053 0.1527777777777778 0.003289473684210526 0.005482456140350877
0 0.600328947368421 0.1875 0.004934210526315789 0.008771929824561403
0 0.6060855263157895 0.18567251461988304 0.0043859649122807015 0.00804093567251462
0 0.6107456140350878 0.15570175438596492 0.004660087719298245 0.007309941520467836
0 0.6140350877192983 0.05116959064327485 0.004111842105263158 0.007309941520467836
0 0.6140350877192983 0.7262426900584795 0.004934210526315789 0.008771929824561403
0 0.6145833333333334 0.31761695906432746 0.0043859649122807015 0.007309941520467836
0 0.6170504385964912 0.2097953216374269 0.006304824561403508 0.009502923976608187
0 0.6195175438596491 0.33150584795321636 0.0027412280701754384 0.005116959064327485
0 0.6203399122807017 0.6392543859649122 0.004660087719298245 0.008406432748538011
0 0.653234649122807 0.14692982456140352 0.004934210526315789 0.00804093567251462
0 0.6551535087719298 0.3680555555555556 0.004660087719298245 0.007309941520467836
0 0.6598135964912281 0.14144736842105263 0.004934210526315789 0.007309941520467836
0 0.6614583333333334 0.385233918128655 0.004660087719298245 0.00804093567251462
0 0.6633771929824561 0.2240497076023392 0.003837719298245614 0.005847953216374269
0 0.6647478070175439 0.3815789473684211 0.005208333333333333 0.00804093567251462
0 0.6650219298245614 0.3881578947368421 0.004660087719298245 0.006578947368421052
0 0.6677631578947368 0.21454678362573099 0.004934210526315789 0.009502923976608187
0 0.6740679824561403 0.2225877192982456 0.004934210526315789 0.006578947368421052
0 0.6847587719298246 0.11842105263157894 0.006030701754385965 0.007309941520467836
0 0.6869517543859649 0.14035087719298245 0.0043859649122807015 0.007309941520467836
0 0.690515350877193 0.10526315789473684 0.004934210526315789 0.007309941520467836
0 0.6932565789473685 0.07967836257309942 0.005756578947368421 0.00804093567251462
0 0.7162828947368421 0.22843567251461988 0.005208333333333333 0.00804093567251462
0 0.7184758771929824 0.26242690058479534 0.004660087719298245 0.006578947368421052
0 0.7398574561403509 0.1926169590643275 0.005756578947368421 0.007309941520467836
0 0.7453399122807017 0.7203947368421053 0.006030701754385965 0.00804093567251462
0 0.7472587719298246 0.2101608187134503 0.005208333333333333 0.008771929824561403
0 0.75 0.28289473684210525 0.004660087719298245 0.00804093567251462
0 0.7508223684210527 0.7171052631578947 0.006853070175438596 0.01023391812865497
0 0.753015350877193 0.21162280701754385 0.006030701754385965 0.009502923976608187
0 0.7587719298245614 0.2138157894736842 0.005208333333333333 0.00804093567251462
0 0.7604166666666666 0.21454678362573099 0.008771929824561403 0.01023391812865497
0 0.7615131578947368 0.15204678362573099 0.003837719298245614 0.005847953216374269
0 0.7617872807017544 0.2149122807017544 0.006030701754385965 0.008771929824561403
0 0.7650767543859649 0.0712719298245614 0.004934210526315789 0.007309941520467836
0 0.7683662280701754 0.21820175438596492 0.004660087719298245 0.007309941520467836
0 0.7700109649122807 0.2978801169590643 0.0043859649122807015 0.00804093567251462
0 0.772203947368421 0.09210526315789473 0.0043859649122807015 0.005847953216374269
0 0.774671052631579 0.2134502923976608 0.004660087719298245 0.006578947368421052
0 0.7760416666666666 0.2982456140350877 0.004934210526315789 0.008771929824561403
0 0.7768640350877193 0.08442982456140351 0.005208333333333333 0.00804093567251462
0 0.7828947368421053 0.09027777777777778 0.006304824561403508 0.00804093567251462
0 0.7837171052631579 0.3048245614035088 0.003289473684210526 0.0062134502923976605
0 0.7872807017543859 0.3055555555555556 0.005208333333333333 0.007309941520467836
0 0.7922149122807017 0.11659356725146199 0.005208333333333333 0.008771929824561403
0 0.796875 0.11147660818713451 0.006030701754385965 0.00804093567251462
0 0.8012609649122807 0.12171052631578948 0.005208333333333333 0.009502923976608187
0 0.8026315789473685 0.027777777777777776 0.005208333333333333 0.006578947368421052
0 0.8050986842105263 0.11330409356725146 0.005756578947368421 0.00804093567251462
0 0.8119517543859649 0.1652046783625731 0.005756578947368421 0.009502923976608187
0 0.8127741228070176 0.2591374269005848 0.003837719298245614 0.00804093567251462
0 0.8234649122807017 0.029239766081871343 0.005756578947368421 0.008771929824561403
0 0.8248355263157895 0.20175438596491227 0.004660087719298245 0.0062134502923976605
0 0.8289473684210527 0.2225877192982456 0.005208333333333333 0.007309941520467836
0 0.8434758771929824 0.17690058479532164 0.005208333333333333 0.008771929824561403
0 0.8475877192982456 0.035818713450292396 0.005756578947368421 0.010964912280701754
0 0.8475877192982456 0.18640350877192982 0.005208333333333333 0.009502923976608187
0 0.8686951754385965 0.089546783625731 0.005208333333333333 0.008771929824561403
0 0.8700657894736842 0.19042397660818713 0.006304824561403508 0.006578947368421052
0 0.8717105263157895 0.09649122807017543 0.005756578947368421 0.00804093567251462
0 0.8887061403508771 0.20285087719298245 0.004660087719298245 0.007309941520467836
0 0.9103618421052632 0.22185672514619884 0.004934210526315789 0.007309941520467836
0 0.9109100877192983 0.08442982456140351 0.004934210526315789 0.00804093567251462
0 0.9109100877192983 0.09649122807017543 0.006030701754385965 0.009502923976608187
0 0.9163925438596491 0.0983187134502924 0.005208333333333333 0.00804093567251462
0 0.9166666666666666 0.2189327485380117 0.004934210526315789 0.007309941520467836
0 0.9191337719298246 0.08991228070175439 0.004934210526315789 0.005847953216374269
0 0.9306469298245614 0.09978070175438597 0.005756578947368421 0.007309941520467836
0 0.9328399122807017 0.09027777777777778 0.006578947368421052 0.008771929824561403
0 0.9355811403508771 0.22551169590643275 0.004111842105263158 0.005847953216374269
0 0.9468201754385965 0.12097953216374269 0.005208333333333333 0.007309941520467836
0 0.9679276315789473 0.15423976608187134 0.004660087719298245 0.006578947368421052
0 0.9712171052631579 0.1608187134502924 0.004111842105263158 0.005847953216374269
0 0.9712171052631579 0.23026315789473684 0.003837719298245614 0.005116959064327485
0 0.9714912280701754 0.24305555555555555 0.004660087719298245 0.007309941520467836
0 0.9827302631578947 0.17616959064327486 0.004660087719298245 0.007309941520467836
0 0.9912280701754386 0.1787280701754386 0.004111842105263158 0.005847953216374269
0 0.9928728070175439 0.1253654970760234 0.006853070175438596 0.005482456140350877
0 0.9931469298245614 0.13230994152046785 0.004934210526315789 0.007309941520467836
0 0.993421052631579 0.18311403508771928 0.003289473684210526 0.005482456140350877
0 0.9964364035087719 0.12938596491228072 0.005756578947368421 0.007309941520467836
0 0.9967105263157895 0.17763157894736842 0.004934210526315789 0.005116959064327485
