0 0.18585526315789475 0.22441520467836257 0.003837719298245614 0.007309941520467836
0 0.19051535087719298 0.22843567251461988 0.005208333333333333 0.00804093567251462
0 0.19517543859649122 0.2236842105263158 0.0043859649122807015 0.007309941520467836
0 0.19846491228070176 0.21235380116959066 0.0043859649122807015 0.005482456140350877
0 0.6167763157894737 0.4382309941520468 0.003837719298245614 0.005116959064327485
0 0.6296600877192983 0.21673976608187134 0.003837719298245614 0.006578947368421052
0 0.6334978070175439 0.21564327485380116 0.004660087719298245 0.006578947368421052
0 0.6370614035087719 0.21308479532163743 0.004111842105263158 0.0062134502923976605
0 0.6378837719298246 0.4057017543859649 0.003289473684210526 0.005482456140350877
0 0.6384320175438597 0.3442982456140351 0.00356359649122807 0.0043859649122807015
0 0.6387061403508771 0.41228070175438597 0.0043859649122807015 0.005847953216374269
0 0.6488486842105263 0.3472222222222222 0.00356359649122807 0.005482456140350877
0 0.7036732456140351 0.7291666666666666 0.00356359649122807 0.006944444444444444
0 0.7077850877192983 0.741593567251462 0.004660087719298245 0.006578947368421052
0 0.7140899122807017 0.6385233918128655 0.00356359649122807 0.00402046783625731
0 0.7225877192982456 0.7496345029239766 0.004111842105263158 0.007309941520467836
0 0.7330043859649122 0.7591374269005848 0.0043859649122807015 0.008406432748538011
0 0.7384868421052632 0.7558479532163743 0.0043859649122807015 0.005116959064327485
0 0.7390350877192983 0.7613304093567251 0.004660087719298245 0.00804093567251462
0 0.7793311403508771 0.6622807017543859 0.004934210526315789 0.007309941520467836
0 0.7831688596491229 0.658625730994152 0.005756578947368421 0.006578947368421052
