0 0.00849780701754386 0.34502923976608185 0.009046052631578948 0.013157894736842105
0 0.017543859649122806 0.24269005847953215 0.01343201754385965 0.015350877192982455
0 0.02275219298245614 0.25548245614035087 0.013706140350877192 0.014985380116959063
0 0.0268640350877193 0.14802631578947367 0.011513157894736841 0.013157894736842105
0 0.03508771929824561 0.24926900584795322 0.015625 0.015350877192982455
0 0.041666666666666664 0.14875730994152048 0.012335526315789474 0.013157894736842105
0 0.04577850877192982 0.35489766081871343 0.006578947368421052 0.01023391812865497
0 0.04632675438596491 0.24049707602339182 0.01343201754385965 0.014619883040935672
0 0.05043859649122807 0.3406432748538012 0.009868421052631578 0.013523391812865496
0 0.051535087719298246 0.1597222222222222 0.011513157894736841 0.014619883040935672
0 0.05674342105263158 0.2496345029239766 0.01343201754385965 0.012792397660818713
0 0.05701754385964912 0.48135964912280704 0.009594298245614035 0.015350877192982455
0 0.05756578947368421 0.23793859649122806 0.013980263157894737 0.013888888888888888
0 0.06085526315789474 0.472953216374269 0.004660087719298245 0.013523391812865496
0 0.06085526315789474 0.7876461988304093 0.009046052631578948 0.010964912280701754
0 0.06359649122807018 0.7763157894736842 0.011513157894736841 0.015350877192982455
0 0.06606359649122807 0.501827485380117 0.009868421052631578 0.010964912280701754
0 0.08168859649122807 0.8673245614035088 0.012335526315789474 0.019005847953216373
0 0.08634868421052631 0.9594298245614035 0.00932017543859649 0.014619883040935672
0 0.09484649122807018 0.902046783625731 0.010964912280701754 0.01608187134502924
0 0.0956688596491228 0.14985380116959066 0.010964912280701754 0.014619883040935672
0 0.09676535087719298 0.1703216374269006 0.009594298245614035 0.012426900584795321
0 0.09676535087719298 0.8501461988304093 0.012335526315789474 0.016812865497076022
0 0.09895833333333333 0.18201754385964913 0.010964912280701754 0.01608187134502924
0 0.09950657894736842 0.16228070175438597 0.009594298245614035 0.01206140350877193
0 0.10389254385964912 0.36915204678362573 0.006578947368421052 0.009137426900584795
0 0.10416666666666667 0.8808479532163743 0.015899122807017545 0.019005847953216373
0 0.10635964912280702 0.5950292397660819 0.00849780701754386 0.012792397660818713
0 0.10800438596491228 0.16374269005847952 0.013157894736842105 0.013157894736842105
0 0.10827850877192982 0.28252923976608185 0.011787280701754386 0.01644736842105263
0 0.10910087719298246 0.37646198830409355 0.010142543859649123 0.012792397660818713
0 0.11403508771929824 0.31798245614035087 0.01206140350877193 0.012426900584795321
0 0.11595394736842106 0.18055555555555555 0.012335526315789474 0.017543859649122806
0 0.11595394736842106 0.37244152046783624 0.00849780701754386 0.009137426900584795
0 0.11869517543859649 0.570906432748538 0.009868421052631578 0.012792397660818713
0 0.12088815789473684 0.16666666666666666 0.011513157894736841 0.015350877192982455
0 0.12472587719298246 0.3260233918128655 0.007401315789473684 0.012426900584795321
0 0.12554824561403508 0.3654970760233918 0.009868421052631578 0.011695906432748537
0 0.12582236842105263 0.37792397660818716 0.01343201754385965 0.015350877192982455
0 0.1269188596491228 0.30007309941520466 0.009868421052631578 0.01608187134502924
0 0.13020833333333334 0.9239766081871345 0.010964912280701754 0.016812865497076022
0 0.13157894736842105 0.1074561403508772 0.004934210526315789 0.007675438596491228
0 0.13294956140350878 0.31834795321637427 0.013706140350877192 0.015350877192982455
0 0.13459429824561403 0.11257309941520467 0.0043859649122807015 0.005847953216374269
0 0.13788377192982457 0.1615497076023392 0.005756578947368421 0.014985380116959063
0 0.13815789473684212 0.9181286549707602 0.01069078947368421 0.014619883040935672
0 0.13843201754385964 0.39400584795321636 0.00712719298245614 0.010599415204678362
0 0.13925438596491227 0.11220760233918128 0.004934210526315789 0.00804093567251462
0 0.13980263157894737 0.0800438596491228 0.005756578947368421 0.004751461988304093
0 0.13980263157894737 0.1516812865497076 0.006853070175438596 0.006944444444444444
0 0.14035087719298245 0.10124269005847954 0.004934210526315789 0.006944444444444444
0 0.14144736842105263 0.08369883040935673 0.004934210526315789 0.005847953216374269
0 0.14226973684210525 0.32858187134502925 0.007949561403508772 0.010964912280701754
0 0.14418859649122806 0.1118421052631579 0.0043859649122807015 0.00804093567251462
0 0.1455592105263158 0.08771929824561403 0.006304824561403508 0.00804093567251462
0 0.14583333333333334 0.08114035087719298 0.004934210526315789 0.006578947368421052
0 0.14610745614035087 0.11695906432748537 0.005482456140350877 0.004751461988304093
0 0.14692982456140352 0.15387426900584794 0.005482456140350877 0.008406432748538011
0 0.14720394736842105 0.21162280701754385 0.011513157894736841 0.011330409356725146
0 0.14994517543859648 0.23720760233918128 0.009594298245614035 0.015716374269005847
0 0.15049342105263158 0.4100877192982456 0.00932017543859649 0.010599415204678362
0 0.1513157894736842 0.1597222222222222 0.005208333333333333 0.008406432748538011
0 0.15542763157894737 0.21454678362573099 0.011787280701754386 0.015350877192982455
0 0.15625 0.10599415204678363 0.005756578947368421 0.0062134502923976605
0 0.15652412280701755 0.40423976608187134 0.009594298245614035 0.010964912280701754
0 0.15734649122807018 0.11074561403508772 0.005756578947368421 0.006578947368421052
0 0.15734649122807018 0.8125 0.009046052631578948 0.014619883040935672
0 0.15899122807017543 0.8015350877192983 0.007675438596491228 0.006944444444444444
0 0.1600877192982456 0.3019005847953216 0.006853070175438596 0.010964912280701754
0 0.16091008771929824 0.48099415204678364 0.007949561403508772 0.008771929824561403
0 0.16666666666666666 0.4133771929824561 0.007949561403508772 0.011695906432748537
0 0.17845394736842105 0.5906432748538012 0.00712719298245614 0.012792397660818713
0 0.18311403508771928 0.596125730994152 0.007401315789473684 0.010599415204678362
0 0.18421052631578946 0.15716374269005848 0.006578947368421052 0.00804093567251462
0 0.18448464912280702 0.14619883040935672 0.005208333333333333 0.00804093567251462
0 0.18475877192982457 0.5771198830409356 0.005482456140350877 0.007309941520467836
0 0.18667763157894737 0.5884502923976608 0.007675438596491228 0.009868421052631578
0 0.18887061403508773 0.4133771929824561 0.006304824561403508 0.007309941520467836
0 0.19270833333333334 0.2309941520467836 0.009868421052631578 0.014619883040935672
0 0.21025219298245615 0.15423976608187134 0.006853070175438596 0.010964912280701754
0 0.21600877192982457 0.41191520467836257 0.00932017543859649 0.014619883040935672
0 0.2168311403508772 0.11769005847953216 0.005756578947368421 0.007309941520467836
0 0.21820175438596492 0.14437134502923976 0.005482456140350877 0.009137426900584795
0 0.21902412280701755 0.5157163742690059 0.00849780701754386 0.006578947368421052
0 0.22478070175438597 0.14035087719298245 0.006030701754385965 0.009868421052631578
0 0.22834429824561403 0.49744152046783624 0.009868421052631578 0.015716374269005847
0 0.23519736842105263 0.5069444444444444 0.009046052631578948 0.014619883040935672
0 0.24287280701754385 0.4605263157894737 0.004934210526315789 0.00804093567251462
0 0.25164473684210525 0.610014619883041 0.006030701754385965 0.011330409356725146
0 0.2637061403508772 0.7492690058479532 0.010142543859649123 0.012426900584795321
0 0.265625 0.5062134502923976 0.007401315789473684 0.011695906432748537
0 0.2798793859649123 0.5855263157894737 0.007949561403508772 0.015350877192982455
0 0.2870065789473684 0.5135233918128655 0.0043859649122807015 0.007309941520467836
0 0.28810307017543857 0.4904970760233918 0.00849780701754386 0.016812865497076022
0 0.29276315789473684 0.4952485380116959 0.008771929824561403 0.013157894736842105
0 0.29660087719298245 0.7934941520467836 0.008771929824561403 0.013157894736842105
0 0.2987938596491228 0.4784356725146199 0.007675438596491228 0.009502923976608187
0 0.2987938596491228 0.5025584795321637 0.006578947368421052 0.010964912280701754
0 0.30180921052631576 0.797514619883041 0.007401315789473684 0.012426900584795321
0 0.3031798245614035 0.4612573099415205 0.012609649122807017 0.012426900584795321
0 0.3050986842105263 0.49707602339181284 0.00712719298245614 0.011330409356725146
0 0.3053728070175439 0.7269736842105263 0.008771929824561403 0.01023391812865497
0 0.30701754385964913 0.4872076023391813 0.006030701754385965 0.010964912280701754
0 0.3086622807017544 0.7551169590643275 0.006853070175438596 0.008771929824561403
0 0.31167763157894735 0.5153508771929824 0.006853070175438596 0.01023391812865497
0 0.3119517543859649 0.7945906432748538 0.009594298245614035 0.016812865497076022
0 0.31332236842105265 0.45796783625730997 0.012335526315789474 0.01608187134502924
0 0.31332236842105265 0.4872076023391813 0.007949561403508772 0.013157894736842105
0 0.31414473684210525 0.47404970760233917 0.007401315789473684 0.01644736842105263
0 0.32538377192982454 0.4616228070175439 0.010416666666666666 0.011695906432748537
0 0.32702850877192985 0.4853801169590643 0.006304824561403508 0.010599415204678362
0 0.32785087719298245 0.4733187134502924 0.00712719298245614 0.010964912280701754
0 0.32839912280701755 0.49415204678362573 0.006578947368421052 0.009868421052631578
0 0.3500548245614035 0.4926900584795322 0.00849780701754386 0.012792397660818713
0 0.35773026315789475 0.8077485380116959 0.00849780701754386 0.014619883040935672
0 0.359375 0.793859649122807 0.009594298245614035 0.014619883040935672
0 0.3607456140350877 0.3044590643274854 0.01069078947368421 0.015350877192982455
0 0.36622807017543857 0.4656432748538012 0.006304824561403508 0.012792397660818713
0 0.3665021929824561 0.8026315789473685 0.007949561403508772 0.012426900584795321
0 0.36896929824561403 0.6352339181286549 0.009594298245614035 0.013157894736842105
0 0.3706140350877193 0.6717836257309941 0.00849780701754386 0.013888888888888888
0 0.37198464912280704 0.46673976608187134 0.006853070175438596 0.014985380116959063
0 0.37280701754385964 0.6410818713450293 0.007949561403508772 0.010964912280701754
0 0.3730811403508772 0.32419590643274854 0.011513157894736841 0.015350877192982455
0 0.3774671052631579 0.4590643274853801 0.010416666666666666 0.010964912280701754
0 0.37993421052631576 0.6575292397660819 0.008223684210526315 0.010964912280701754
0 0.3821271929824561 0.4784356725146199 0.01069078947368421 0.010964912280701754
0 0.3824013157894737 0.32346491228070173 0.010964912280701754 0.012792397660818713
0 0.38459429824561403 0.616593567251462 0.008771929824561403 0.013157894736842105
0 0.38952850877192985 0.4824561403508772 0.008771929824561403 0.011695906432748537
0 0.38952850877192985 0.6264619883040936 0.008223684210526315 0.013888888888888888
0 0.3925438596491228 0.33187134502923976 0.009046052631578948 0.01023391812865497
0 0.39665570175438597 0.2507309941520468 0.014528508771929825 0.017543859649122806
0 0.40542763157894735 0.2730263157894737 0.00932017543859649 0.013888888888888888
0 0.4067982456140351 0.3527046783625731 0.010142543859649123 0.015350877192982455
0 0.4087171052631579 0.5866228070175439 0.006578947368421052 0.009502923976608187
0 0.4106359649122807 0.3428362573099415 0.010416666666666666 0.012426900584795321
0 0.4147478070175439 0.28983918128654973 0.007401315789473684 0.008771929824561403
0 0.41694078947368424 0.6666666666666666 0.00932017543859649 0.010964912280701754
0 0.41913377192982454 0.26937134502923976 0.010416666666666666 0.01425438596491228
0 0.421875 0.6447368421052632 0.010142543859649123 0.013888888888888888
0 0.42214912280701755 0.29312865497076024 0.009046052631578948 0.013157894736842105
0 0.4224232456140351 0.6323099415204678 0.010142543859649123 0.013157894736842105
0 0.4237938596491228 0.30372807017543857 0.006853070175438596 0.009868421052631578
0 0.4276315789473684 0.30116959064327486 0.005756578947368421 0.010599415204678362
0 0.42872807017543857 0.3121345029239766 0.007401315789473684 0.012426900584795321
0 0.4298245614035088 0.26644736842105265 0.01069078947368421 0.013523391812865496
0 0.43256578947368424 0.6206140350877193 0.008771929824561403 0.011330409356725146
0 0.43283991228070173 0.3092105263157895 0.006578947368421052 0.009502923976608187
0 0.43777412280701755 0.3033625730994152 0.007949561403508772 0.008771929824561403
0 0.44024122807017546 0.7595029239766082 0.01069078947368421 0.01608187134502924
0 0.4449013157894737 0.7123538011695907 0.007949561403508772 0.007309941520467836
0 0.44764254385964913 0.764985380116959 0.01069078947368421 0.014619883040935672
0 0.44956140350877194 0.24561403508771928 0.00849780701754386 0.010599415204678362
0 0.45093201754385964 0.28691520467836257 0.00849780701754386 0.013888888888888888
0 0.45202850877192985 0.25511695906432746 0.010142543859649123 0.013888888888888888
0 0.45285087719298245 0.6929824561403509 0.007949561403508772 0.009868421052631578
0 0.45860745614035087 0.7412280701754386 0.009594298245614035 0.013523391812865496
0 0.4613486842105263 0.814327485380117 0.009594298245614035 0.014985380116959063
0 0.4624451754385965 0.2309941520467836 0.007401315789473684 0.010964912280701754
0 0.4624451754385965 0.8669590643274854 0.010964912280701754 0.017543859649122806
0 0.46271929824561403 0.3983918128654971 0.006853070175438596 0.009502923976608187
0 0.46573464912280704 0.793859649122807 0.00849780701754386 0.013888888888888888
0 0.46765350877192985 0.856359649122807 0.007949561403508772 0.011695906432748537
0 0.46792763157894735 0.24305555555555555 0.006578947368421052 0.01023391812865497
0 0.46792763157894735 0.7094298245614035 0.010416666666666666 0.015350877192982455
0 0.4682017543859649 0.2573099415204678 0.007401315789473684 0.009502923976608187
0 0.4692982456140351 0.33150584795321636 0.006853070175438596 0.011695906432748537
0 0.46957236842105265 0.40058479532163743 0.007401315789473684 0.010964912280701754
0 0.4725877192982456 0.7997076023391813 0.007949561403508772 0.015716374269005847
0 0.47368421052631576 0.8450292397660819 0.00849780701754386 0.016812865497076022
0 0.4750548245614035 0.3336988304093567 0.00849780701754386 0.010964912280701754
0 0.4753289473684211 0.39108187134502925 0.00712719298245614 0.010964912280701754
0 0.4769736842105263 0.24817251461988304 0.004111842105263158 0.007309941520467836
0 0.4772478070175439 0.778874269005848 0.008223684210526315 0.013888888888888888
0 0.47752192982456143 0.7916666666666666 0.008771929824561403 0.013523391812865496
0 0.47834429824561403 0.7207602339181286 0.01069078947368421 0.01827485380116959
0 0.47834429824561403 0.7693713450292398 0.010142543859649123 0.01206140350877193
0 0.47944078947368424 0.41812865497076024 0.008771929824561403 0.014619883040935672
0 0.4805372807017544 0.24890350877192982 0.006578947368421052 0.009502923976608187
0 0.484375 0.3658625730994152 0.009046052631578948 0.014619883040935672
0 0.48601973684210525 0.6772660818713451 0.007401315789473684 0.010964912280701754
0 0.48656798245614036 0.23318713450292397 0.007675438596491228 0.007309941520467836
0 0.4876644736842105 0.34868421052631576 0.006578947368421052 0.00804093567251462
0 0.4876644736842105 0.37390350877192985 0.007401315789473684 0.011330409356725146
0 0.4915021929824561 0.6834795321637427 0.007949561403508772 0.013888888888888888
0 0.4917763157894737 0.2565789473684211 0.006853070175438596 0.010964912280701754
0 0.4923245614035088 0.2324561403508772 0.006030701754385965 0.007675438596491228
0 0.49451754385964913 0.668859649122807 0.009046052631578948 0.013888888888888888
0 0.49917763157894735 0.40899122807017546 0.008223684210526315 0.011695906432748537
0 0.503015350877193 0.4590643274853801 0.007949561403508772 0.014619883040935672
0 0.5098684210526315 0.23940058479532164 0.006304824561403508 0.010599415204678362
0 0.5109649122807017 0.5610380116959064 0.00712719298245614 0.015716374269005847
0 0.5115131578947368 0.21637426900584794 0.004934210526315789 0.009137426900584795
0 0.512609649122807 0.25182748538011696 0.008223684210526315 0.011695906432748537
0 0.5128837719298246 0.23793859649122806 0.006304824561403508 0.01023391812865497
0 0.5145285087719298 0.8194444444444444 0.00712719298245614 0.013888888888888888
0 0.5148026315789473 0.2595029239766082 0.004934210526315789 0.007675438596491228
0 0.5169956140350878 0.4594298245614035 0.009046052631578948 0.013888888888888888
0 0.5183662280701754 0.30153508771929827 0.006578947368421052 0.00804093567251462
0 0.5211074561403509 0.22185672514619884 0.006030701754385965 0.009502923976608187
0 0.5219298245614035 0.29312865497076024 0.00849780701754386 0.01023391812865497
0 0.5238486842105263 0.8048245614035088 0.007949561403508772 0.01206140350877193
0 0.5249451754385965 0.4470029239766082 0.009868421052631578 0.017543859649122806
0 0.5260416666666666 0.23318713450292397 0.007401315789473684 0.009868421052631578
0 0.5260416666666666 0.2540204678362573 0.006578947368421052 0.009868421052631578
0 0.5296052631578947 0.49707602339181284 0.006578947368421052 0.013888888888888888
0 0.5337171052631579 0.4455409356725146 0.008223684210526315 0.015350877192982455
0 0.5364583333333334 0.36257309941520466 0.007949561403508772 0.012426900584795321
0 0.5375548245614035 0.4967105263157895 0.005208333333333333 0.009502923976608187
0 0.5397478070175439 0.43567251461988304 0.009594298245614035 0.013157894736842105
0 0.5400219298245614 0.24890350877192982 0.008223684210526315 0.0062134502923976605
0 0.5400219298245614 0.8033625730994152 0.008223684210526315 0.010964912280701754
0 0.5427631578947368 0.4996345029239766 0.006578947368421052 0.009502923976608187
0 0.5433114035087719 0.7072368421052632 0.004934210526315789 0.007309941520467836
0 0.5457785087719298 0.35928362573099415 0.00849780701754386 0.01206140350877193
0 0.5460526315789473 0.8062865497076024 0.005208333333333333 0.01023391812865497
0 0.5463267543859649 0.5307017543859649 0.0043859649122807015 0.008771929824561403
0 0.546875 0.9692982456140351 0.010142543859649123 0.013888888888888888
0 0.5479714912280702 0.5749269005847953 0.009046052631578948 0.01644736842105263
0 0.549890350877193 0.8146929824561403 0.00712719298245614 0.012426900584795321
0 0.5512609649122807 0.8483187134502924 0.006030701754385965 0.008771929824561403
0 0.5515350877192983 0.4934210526315789 0.0043859649122807015 0.007309941520467836
0 0.553453947368421 0.560672514619883 0.010416666666666666 0.014619883040935672
0 0.553453947368421 0.5866228070175439 0.006853070175438596 0.01023391812865497
0 0.5537280701754386 0.7320906432748538 0.006578947368421052 0.01023391812865497
0 0.5542763157894737 0.2631578947368421 0.009594298245614035 0.013888888888888888
0 0.5575657894736842 0.7244152046783626 0.008771929824561403 0.010964912280701754
0 0.5578399122807017 0.5051169590643275 0.006853070175438596 0.010964912280701754
0 0.5592105263157895 0.7595029239766082 0.009046052631578948 0.013157894736842105
0 0.5614035087719298 0.5431286549707602 0.007949561403508772 0.009502923976608187
0 0.5633223684210527 0.8837719298245614 0.005756578947368421 0.01023391812865497
0 0.5641447368421053 0.5548245614035088 0.008223684210526315 0.012426900584795321
0 0.5644188596491229 0.6703216374269005 0.008223684210526315 0.011695906432748537
0 0.5646929824561403 0.7638888888888888 0.008223684210526315 0.012426900584795321
0 0.5666118421052632 0.8779239766081871 0.006304824561403508 0.00804093567251462
0 0.5671600877192983 0.27997076023391815 0.006578947368421052 0.010964912280701754
0 0.5677083333333334 0.756578947368421 0.006853070175438596 0.009502923976608187
0 0.5688048245614035 0.5380116959064327 0.00849780701754386 0.012426900584795321
0 0.5696271929824561 0.3468567251461988 0.007401315789473684 0.015350877192982455
0 0.5764802631578947 0.2807017543859649 0.009594298245614035 0.014619883040935672
0 0.5775767543859649 0.29239766081871343 0.005756578947368421 0.009502923976608187
0 0.5778508771929824 0.3516081871345029 0.00932017543859649 0.01864035087719298
0 0.578125 0.7620614035087719 0.008223684210526315 0.010964912280701754
0 0.5783991228070176 0.4521198830409357 0.008771929824561403 0.013157894736842105
0 0.5789473684210527 0.3369883040935672 0.009594298245614035 0.012426900584795321
0 0.5805921052631579 0.28728070175438597 0.0043859649122807015 0.005116959064327485
0 0.584703947368421 0.45796783625730997 0.009046052631578948 0.014619883040935672
0 0.59375 0.6593567251461988 0.008223684210526315 0.011695906432748537
0 0.5951206140350878 0.6253654970760234 0.007401315789473684 0.01206140350877193
0 0.5970394736842105 0.3706140350877193 0.007401315789473684 0.01425438596491228
0 0.5997807017543859 0.6282894736842105 0.007401315789473684 0.011695906432748537
0 0.600328947368421 0.266812865497076 0.006853070175438596 0.01023391812865497
0 0.6036184210526315 0.618421052631579 0.00849780701754386 0.012426900584795321
0 0.6038925438596491 0.2737573099415205 0.007401315789473684 0.010964912280701754
0 0.6044407894736842 0.3168859649122807 0.00712719298245614 0.010964912280701754
0 0.6049890350877193 0.7777777777777778 0.008771929824561403 0.015350877192982455
0 0.6052631578947368 0.6293859649122807 0.00712719298245614 0.011330409356725146
0 0.609375 0.2850877192982456 0.006853070175438596 0.011695906432748537
0 0.6104714912280702 0.596125730994152 0.00932017543859649 0.013523391812865496
0 0.6110197368421053 0.4480994152046784 0.00932017543859649 0.016812865497076022
0 0.6112938596491229 0.3121345029239766 0.006853070175438596 0.013888888888888888
0 0.6140350877192983 0.5365497076023392 0.009046052631578948 0.013523391812865496
0 0.6140350877192983 0.6107456140350878 0.008771929824561403 0.013888888888888888
0 0.6145833333333334 0.28362573099415206 0.008223684210526315 0.010964912280701754
0 0.6151315789473685 0.8457602339181286 0.009046052631578948 0.012792397660818713
0 0.6178728070175439 0.2858187134502924 0.006853070175438596 0.010964912280701754
0 0.6186951754385965 0.6012426900584795 0.00712719298245614 0.011695906432748537
0 0.6197916666666666 0.4656432748538012 0.007949561403508772 0.009137426900584795
0 0.6208881578947368 0.8497807017543859 0.008223684210526315 0.012792397660818713
0 0.621984649122807 0.7185672514619883 0.006578947368421052 0.01023391812865497
0 0.6222587719298246 0.6498538011695907 0.008223684210526315 0.013888888888888888
0 0.6225328947368421 0.44042397660818716 0.009046052631578948 0.014619883040935672
0 0.6233552631578947 0.6030701754385965 0.006853070175438596 0.010964912280701754
0 0.6247258771929824 0.2850877192982456 0.008223684210526315 0.01023391812865497
0 0.625 0.7748538011695907 0.007949561403508772 0.014619883040935672
0 0.6255482456140351 0.4247076023391813 0.010142543859649123 0.01608187134502924
0 0.6271929824561403 0.7225877192982456 0.00712719298245614 0.012426900584795321
0 0.6291118421052632 0.4682017543859649 0.011239035087719298 0.01206140350877193
0 0.6329495614035088 0.4444444444444444 0.008771929824561403 0.014619883040935672
0 0.6329495614035088 0.6355994152046783 0.006304824561403508 0.009502923976608187
0 0.6381578947368421 0.4269005847953216 0.007401315789473684 0.012426900584795321
0 0.6529605263157895 0.23866959064327486 0.004934210526315789 0.007309941520467836
0 0.653234649122807 0.9926900584795322 0.00849780701754386 0.01206140350877193
0 0.6584429824561403 0.3216374269005848 0.007401315789473684 0.012426900584795321
0 0.6622807017543859 0.4685672514619883 0.00712719298245614 0.006578947368421052
0 0.6644736842105263 0.83296783625731 0.010964912280701754 0.015350877192982455
0 0.6650219298245614 0.35453216374269003 0.006853070175438596 0.010599415204678362
0 0.6696820175438597 0.32492690058479534 0.007675438596491228 0.010964912280701754
0 0.6699561403508771 0.8432017543859649 0.00849780701754386 0.013157894736842105
0 0.6702302631578947 0.4682017543859649 0.007675438596491228 0.00804093567251462
0 0.674890350877193 0.34612573099415206 0.007401315789473684 0.008771929824561403
0 0.6765350877192983 0.8198099415204678 0.008223684210526315 0.010964912280701754
0 0.6768092105263158 0.9894005847953217 0.009594298245614035 0.01864035087719298
0 0.6770833333333334 0.2635233918128655 0.006853070175438596 0.006578947368421052
0 0.6776315789473685 0.36257309941520466 0.006578947368421052 0.01206140350877193
0 0.6779057017543859 0.9331140350877193 0.00932017543859649 0.017178362573099414
0 0.6811951754385965 0.19956140350877194 0.00356359649122807 0.006944444444444444
0 0.6833881578947368 0.3483187134502924 0.008771929824561403 0.014619883040935672
0 0.6833881578947368 0.4510233918128655 0.007675438596491228 0.009868421052631578
0 0.6839364035087719 0.18896198830409358 0.0043859649122807015 0.005116959064327485
0 0.6839364035087719 0.3709795321637427 0.007675438596491228 0.011330409356725146
0 0.6880482456140351 0.18530701754385964 0.004660087719298245 0.006578947368421052
0 0.6885964912280702 0.8077485380116959 0.006304824561403508 0.011695906432748537
0 0.6888706140350878 0.4276315789473684 0.006853070175438596 0.010599415204678362
0 0.6896929824561403 0.8220029239766082 0.009594298245614035 0.013888888888888888
0 0.6899671052631579 0.17945906432748537 0.004111842105263158 0.0062134502923976605
0 0.690515350877193 0.577485380116959 0.00849780701754386 0.01023391812865497
0 0.6932565789473685 0.4608918128654971 0.006030701754385965 0.009502923976608187
0 0.6962719298245614 0.8176169590643275 0.00712719298245614 0.008771929824561403
0 0.6962719298245614 0.945906432748538 0.00932017543859649 0.017543859649122806
0 0.696546052631579 0.17543859649122806 0.004111842105263158 0.006578947368421052
0 0.6979166666666666 0.4334795321637427 0.006578947368421052 0.011695906432748537
0 0.6981907894736842 0.20248538011695907 0.003837719298245614 0.007675438596491228
0 0.6981907894736842 0.260233918128655 0.005756578947368421 0.008771929824561403
0 0.6995614035087719 0.1878654970760234 0.004660087719298245 0.0062134502923976605
0 0.700109649122807 0.16885964912280702 0.0043859649122807015 0.0062134502923976605
0 0.7020285087719298 0.1787280701754386 0.004660087719298245 0.0062134502923976605
0 0.7044956140350878 0.2452485380116959 0.004660087719298245 0.00804093567251462
0 0.7047697368421053 0.17288011695906433 0.005208333333333333 0.007309941520467836
0 0.7050438596491229 0.1823830409356725 0.0043859649122807015 0.005847953216374269
0 0.7050438596491229 0.3366228070175439 0.007675438596491228 0.010599415204678362
0 0.7053179824561403 0.38377192982456143 0.006578947368421052 0.00804093567251462
0 0.706140350877193 0.8644005847953217 0.008771929824561403 0.014619883040935672
0 0.7075109649122807 0.2459795321637427 0.0043859649122807015 0.007309941520467836
0 0.7077850877192983 0.27595029239766083 0.004111842105263158 0.007309941520467836
0 0.709703947368421 0.37682748538011696 0.006853070175438596 0.010964912280701754
0 0.7105263157894737 0.4513888888888889 0.004934210526315789 0.006578947368421052
0 0.7124451754385965 0.46308479532163743 0.006030701754385965 0.00804093567251462
0 0.7135416666666666 0.2642543859649123 0.004934210526315789 0.007309941520467836
0 0.7146381578947368 0.4557748538011696 0.004934210526315789 0.008771929824561403
0 0.7206688596491229 0.2547514619883041 0.0043859649122807015 0.005482456140350877
0 0.7214912280701754 0.26096491228070173 0.0043859649122807015 0.005847953216374269
0 0.7236842105263158 0.2642543859649123 0.004111842105263158 0.0062134502923976605
0 0.7239583333333334 0.3527046783625731 0.010416666666666666 0.015350877192982455
0 0.7250548245614035 0.2565789473684211 0.004111842105263158 0.0062134502923976605
0 0.7264254385964912 0.5043859649122807 0.006578947368421052 0.011695906432748537
0 0.7275219298245614 0.26169590643274854 0.004934210526315789 0.007309941520467836
0 0.7294407894736842 0.7072368421052632 0.00849780701754386 0.010964912280701754
0 0.7299890350877193 0.4195906432748538 0.009594298245614035 0.013888888888888888
0 0.7346491228070176 0.7094298245614035 0.008223684210526315 0.011695906432748537
0 0.7360197368421053 0.3446637426900585 0.00932017543859649 0.008771929824561403
0 0.7393092105263158 0.7467105263157895 0.00712719298245614 0.01023391812865497
0 0.7395833333333334 0.6180555555555556 0.00932017543859649 0.013157894736842105
0 0.7417763157894737 0.4901315789473684 0.00849780701754386 0.012426900584795321
0 0.7445175438596491 0.7620614035087719 0.010964912280701754 0.015350877192982455
0 0.7546600877192983 0.8183479532163743 0.006578947368421052 0.01023391812865497
0 0.7554824561403509 0.7094298245614035 0.00932017543859649 0.013157894736842105
0 0.7560307017543859 0.7203947368421053 0.008771929824561403 0.01023391812865497
0 0.756578947368421 0.8315058479532164 0.008771929824561403 0.013888888888888888
0 0.7620614035087719 0.7284356725146199 0.00932017543859649 0.012426900584795321
0 0.765625 0.5131578947368421 0.006578947368421052 0.01023391812865497
0 0.7664473684210527 0.7222222222222222 0.01069078947368421 0.015350877192982455
0 0.7669956140350878 0.5274122807017544 0.006578947368421052 0.008771929824561403
0 0.7689144736842105 0.7467105263157895 0.008771929824561403 0.012426900584795321
0 0.7727521929824561 0.5614035087719298 0.007401315789473684 0.011695906432748537
0 0.7749451754385965 0.35489766081871343 0.005482456140350877 0.00804093567251462
0 0.7787828947368421 0.560672514619883 0.008771929824561403 0.013157894736842105
0 0.7935855263157895 0.6933479532163743 0.009594298245614035 0.013888888888888888
0 0.7941337719298246 0.5668859649122807 0.00849780701754386 0.01023391812865497
0 0.7979714912280702 0.8406432748538012 0.00932017543859649 0.015350877192982455
0 0.8026315789473685 0.6918859649122807 0.00932017543859649 0.013157894736842105
0 0.8029057017543859 0.935672514619883 0.007949561403508772 0.010599415204678362
0 0.8056469298245614 0.8424707602339181 0.006853070175438596 0.009502923976608187
0 0.805921052631579 0.9433479532163743 0.00712719298245614 0.009137426900584797
0 0.8146929824561403 0.5683479532163743 0.008223684210526315 0.010964912280701754
0 0.8168859649122807 0.34210526315789475 0.004660087719298245 0.007309941520467836
0 0.8256578947368421 0.3019005847953216 0.005208333333333333 0.008406432748538011
0 0.8273026315789473 0.2949561403508772 0.005482456140350877 0.007309941520467836
0 0.8275767543859649 0.5683479532163743 0.00849780701754386 0.010964912280701754
0 0.8297697368421053 0.8903508771929824 0.010416666666666666 0.013888888888888888
0 0.8303179824561403 0.30409356725146197 0.008223684210526315 0.009502923976608187
0 0.8344298245614035 0.32748538011695905 0.006578947368421052 0.007309941520467836
0 0.8349780701754386 0.6019736842105263 0.006030701754385965 0.008771929824561403
0 0.8352521929824561 0.5679824561403509 0.008223684210526315 0.009502923976608187
0 0.8358004385964912 0.3399122807017544 0.006304824561403508 0.006578947368421052
0 0.8358004385964912 0.47404970760233917 0.004934210526315789 0.008406432748538011
0 0.8366228070175439 0.3029970760233918 0.006030701754385965 0.008771929824561403
0 0.8396381578947368 0.46637426900584794 0.005482456140350877 0.007309941520467836
0 0.840734649122807 0.7785087719298246 0.007401315789473684 0.010964912280701754
0 0.8410087719298246 0.3092105263157895 0.006853070175438596 0.010964912280701754
0 0.8418311403508771 0.4828216374269006 0.005482456140350877 0.006578947368421052
0 0.8421052631578947 0.8859649122807017 0.008771929824561403 0.012426900584795321
0 0.8423793859649122 0.2909356725146199 0.00712719298245614 0.008771929824561403
0 0.8423793859649122 0.4378654970760234 0.004934210526315789 0.00804093567251462
0 0.8440241228070176 0.4762426900584795 0.00712719298245614 0.006578947368421052
0 0.8442982456140351 0.3161549707602339 0.006578947368421052 0.009502923976608187
0 0.846765350877193 0.9057017543859649 0.008223684210526315 0.01023391812865497
0 0.8481359649122807 0.4269005847953216 0.006030701754385965 0.008771929824561403
0 0.8484100877192983 0.8965643274853801 0.008223684210526315 0.010964912280701754
0 0.8511513157894737 0.31140350877192985 0.006304824561403508 0.009502923976608187
0 0.856359649122807 0.391812865497076 0.008771929824561403 0.009502923976608187
0 0.8566337719298246 0.40058479532163743 0.006578947368421052 0.008771929824561403
0 0.8626644736842105 0.3969298245614035 0.00849780701754386 0.010964912280701754
0 0.8700657894736842 0.3983918128654971 0.006578947368421052 0.011695906432748537
0 0.8728070175438597 0.410453216374269 0.006578947368421052 0.00804093567251462
0 0.8799342105263158 0.8212719298245614 0.009046052631578948 0.00804093567251462
0 0.8813048245614035 0.6871345029239766 0.008223684210526315 0.014619883040935672
0 0.8867872807017544 0.4137426900584795 0.006578947368421052 0.009502923976608187
0 0.887609649122807 0.5416666666666666 0.006304824561403508 0.00804093567251462
0 0.8898026315789473 0.8724415204678363 0.010142543859649123 0.013157894736842105
0 0.8914473684210527 0.37390350877192985 0.006853070175438596 0.009502923976608187
0 0.8950109649122807 0.3848684210526316 0.007401315789473684 0.01023391812865497
0 0.8952850877192983 0.8358918128654971 0.005756578947368421 0.01023391812865497
0 0.8958333333333334 0.8497807017543859 0.00932017543859649 0.014619883040935672
0 0.8963815789473685 0.8837719298245614 0.01069078947368421 0.014619883040935672
0 0.8983004385964912 0.3676900584795322 0.005482456140350877 0.005847953216374269
0 0.8999451754385965 0.5135233918128655 0.005756578947368421 0.008406432748538011
0 0.9002192982456141 0.3790204678362573 0.006578947368421052 0.01023391812865497
0 0.9029605263157895 0.8779239766081871 0.01069078947368421 0.009502923976608187
0 0.903234649122807 0.8644005847953217 0.010964912280701754 0.016812865497076022
0 0.9035087719298246 0.8918128654970761 0.008771929824561403 0.013888888888888888
0 0.9084429824561403 0.49159356725146197 0.007949561403508772 0.009502923976608187
0 0.9144736842105263 0.4857456140350877 0.00932017543859649 0.013888888888888888
0 0.9169407894736842 0.39985380116959063 0.005756578947368421 0.006578947368421052
0 0.9174890350877193 0.37719298245614036 0.0043859649122807015 0.006944444444444444
0 0.9226973684210527 0.6114766081871345 0.006304824561403508 0.009868421052631578
0 0.9235197368421053 0.3673245614035088 0.0043859649122807015 0.006578947368421052
0 0.9257127192982456 0.8819444444444444 0.006030701754385965 0.010964912280701754
0 0.9279057017543859 0.6293859649122807 0.006030701754385965 0.007309941520467836
0 0.9290021929824561 0.4064327485380117 0.004660087719298245 0.007309941520467836
0 0.9295504385964912 0.3987573099415205 0.005482456140350877 0.007309941520467836
0 0.9355811403508771 0.4027777777777778 0.005756578947368421 0.007309941520467836
0 0.9388706140350878 0.6337719298245614 0.006304824561403508 0.008771929824561403
0 0.9416118421052632 0.6275584795321637 0.006030701754385965 0.008771929824561403
0 0.9542214912280702 0.7872807017543859 0.007949561403508772 0.00804093567251462
0 0.9583333333333334 0.8417397660818714 0.00712719298245614 0.013888888888888888
0 0.9618969298245614 0.7861842105263158 0.006578947368421052 0.00804093567251462
0 0.9629934210526315 0.8888888888888888 0.008223684210526315 0.011330409356725146
0 0.9698464912280702 0.7923976608187134 0.00849780701754386 0.011695906432748537
0 0.9714912280701754 0.8066520467836257 0.00712719298245614 0.01023391812865497
0 0.9731359649122807 0.7266081871345029 0.009046052631578948 0.011695906432748537
0 0.9747807017543859 0.7883771929824561 0.00712719298245614 0.008771929824561403
0 0.9797149122807017 0.7255116959064327 0.007401315789473684 0.011695906432748537
0 0.9887609649122807 0.7277046783625731 0.007949561403508772 0.010964912280701754
0 0.9925986842105263 0.7192982456140351 0.008771929824561403 0.01023391812865497
0 0.9961622807017544 0.48099415204678364 0.00712719298245614 0.008771929824561403
