0 0.0356359649122807 0.8614766081871345 0.006030701754385965 0.00804093567251462
0 0.05975877192982456 0.881578947368421 0.004934210526315789 0.00804093567251462
0 0.32702850877192985 0.9294590643274854 0.0024671052631578946 0.00402046783625731
0 0.3314144736842105 0.9521198830409356 0.004111842105263158 0.005482456140350877
0 0.3481359649122807 0.9411549707602339 0.003837719298245614 0.004751461988304093
0 0.3522478070175439 0.9473684210526315 0.004111842105263158 0.0062134502923976605
0 0.35471491228070173 0.9367690058479532 0.0043859649122807015 0.005482456140350877
0 0.4128289473684211 0.9886695906432749 0.006578947368421052 0.00804093567251462
0 0.42023026315789475 0.4071637426900585 0.00356359649122807 0.004751461988304093
0 0.42872807017543857 0.91703216374269 0.0027412280701754384 0.005847953216374269
0 0.45805921052631576 0.5 0.003289473684210526 0.004751461988304093
0 0.49314692982456143 0.5116959064327485 0.004111842105263158 0.005482456140350877
0 0.5123355263157895 0.7324561403508771 0.0030153508771929823 0.003654970760233918
0 0.5169956140350878 0.48464912280701755 0.003289473684210526 0.004751461988304093
0 0.5493421052631579 0.43457602339181284 0.0030153508771929823 0.0043859649122807015
0 0.5493421052631579 0.4586988304093567 0.0043859649122807015 0.006578947368421052
0 0.5518092105263158 0.43969298245614036 0.003837719298245614 0.005116959064327485
0 0.5575657894736842 0.4279970760233918 0.00356359649122807 0.00402046783625731
0 0.5597587719298246 0.46381578947368424 0.004660087719298245 0.005482456140350877
0 0.5600328947368421 0.402046783625731 0.003289473684210526 0.003654970760233918
0 0.5605811403508771 0.45723684210526316 0.0027412280701754384 0.00402046783625731
0 0.5627741228070176 0.4093567251461988 0.003289473684210526 0.00402046783625731
0 0.5671600877192983 0.4024122807017544 0.003837719298245614 0.004751461988304093
0 0.5773026315789473 0.41118421052631576 0.0030153508771929823 0.0043859649122807015
0 0.5929276315789473 0.44334795321637427 0.0043859649122807015 0.00402046783625731
0 0.7382127192982456 0.4685672514619883 0.004111842105263158 0.004751461988304093
0 0.746984649122807 0.944078947368421 0.003289473684210526 0.005847953216374269
0 0.7538377192982456 0.9375 0.0024671052631578946 0.005482456140350877
0 0.7549342105263158 0.9671052631578947 0.0043859649122807015 0.004751461988304093
0 0.8390899122807017 0.8176169590643275 0.0030153508771929823 0.005482456140350877
0 0.8418311403508771 0.8139619883040936 0.005208333333333333 0.0043859649122807015
0 0.8514254385964912 0.8132309941520468 0.004660087719298245 0.0043859649122807015
0 0.8629385964912281 0.8315058479532164 0.0030153508771929823 0.003654970760233918
0 0.8785635964912281 0.8201754385964912 0.004111842105263158 0.005116959064327485
