0 0.16474780701754385 0.27997076023391815 0.004660087719298245 0.011695906432748537
0 0.16529605263157895 0.27997076023391815 0.006030701754385965 0.013157894736842105
0 0.31606359649122806 0.5573830409356725 0.006304824561403508 0.009502923976608187
0 0.5175438596491229 0.38121345029239767 0.013157894736842105 0.019736842105263157
0 0.5685307017543859 0.26169590643274854 0.009046052631578948 0.013888888888888888
0 0.5959429824561403 0.3307748538011696 0.011787280701754386 0.019005847953216373
0 0.6181469298245614 0.30409356725146197 0.010964912280701754 0.017543859649122806
0 0.6225328947368421 0.29203216374269003 0.008771929824561403 0.013888888888888888
0 0.6296600877192983 0.2982456140350877 0.008771929824561403 0.013157894736842105
0 0.8012609649122807 0.42909356725146197 0.008771929824561403 0.011695906432748537
0 0.8125 0.42653508771929827 0.00849780701754386 0.01425438596491228
0 0.8963815789473685 0.1827485380116959 0.010416666666666666 0.014619883040935672
0 0.9364035087719298 0.22478070175438597 0.010964912280701754 0.01608187134502924
