0 0.044407894736842105 0.9177631578947368 0.012609649122807017 0.019736842105263157
0 0.0625 0.4276315789473684 0.006578947368421052 0.013888888888888888
0 0.07346491228070176 0.4144736842105263 0.009594298245614035 0.009137426900584795
0 0.07785087719298246 0.38998538011695905 0.008771929824561403 0.01023391812865497
0 0.09676535087719298 0.46016081871345027 0.010142543859649123 0.012426900584795321
0 0.10032894736842106 0.4239766081871345 0.009046052631578948 0.014619883040935672
0 0.10307017543859649 0.4550438596491228 0.009594298245614035 0.014619883040935672
0 0.10964912280701754 0.4305555555555556 0.010964912280701754 0.013888888888888888
0 0.11156798245614036 0.4594298245614035 0.010416666666666666 0.013888888888888888
0 0.11430921052631579 0.447733918128655 0.011239035087719298 0.016812865497076022
0 0.11677631578947369 0.35855263157894735 0.010142543859649123 0.013523391812865496
0 0.11705043859649122 0.375 0.006578947368421052 0.01023391812865497
0 0.11951754385964912 0.38011695906432746 0.005482456140350877 0.012426900584795321
0 0.1230811403508772 0.3333333333333333 0.00849780701754386 0.011695906432748537
0 0.13240131578947367 0.7372076023391813 0.00849780701754386 0.014619883040935672
0 0.13459429824561403 0.6915204678362573 0.010964912280701754 0.015350877192982455
0 0.13459429824561403 0.7675438596491229 0.00849780701754386 0.014619883040935672
0 0.13925438596491227 0.7028508771929824 0.00932017543859649 0.012792397660818713
0 0.1455592105263158 0.4137426900584795 0.007401315789473684 0.010964912280701754
0 0.14638157894736842 0.7627923976608187 0.00932017543859649 0.013157894736842105
0 0.15076754385964913 0.3512426900584795 0.01069078947368421 0.013157894736842105
0 0.15076754385964913 0.3673245614035088 0.012335526315789474 0.013888888888888888
0 0.16036184210526316 0.3442982456140351 0.008771929824561403 0.013157894736842105
0 0.16365131578947367 0.36622807017543857 0.009594298245614035 0.013157894736842105
0 0.16529605263157895 0.5990497076023392 0.006853070175438596 0.00804093567251462
0 0.16776315789473684 0.385233918128655 0.008223684210526315 0.010964912280701754
0 0.16831140350877194 0.7076023391812866 0.00849780701754386 0.011695906432748537
0 0.1699561403508772 0.7174707602339181 0.009046052631578948 0.014619883040935672
0 0.17269736842105263 0.7050438596491229 0.004934210526315789 0.006578947368421052
0 0.17598684210526316 0.5526315789473685 0.006304824561403508 0.010964912280701754
0 0.17708333333333334 0.7244152046783626 0.008223684210526315 0.010964912280701754
0 0.17982456140350878 0.7182017543859649 0.008771929824561403 0.013157894736842105
0 0.1855811403508772 0.6557017543859649 0.006578947368421052 0.01023391812865497
0 0.19407894736842105 0.7690058479532164 0.007401315789473684 0.011695906432748537
0 0.19599780701754385 0.6421783625730995 0.007401315789473684 0.013157894736842105
0 0.1962719298245614 0.7101608187134503 0.008771929824561403 0.014619883040935672
0 0.19682017543859648 0.6593567251461988 0.006853070175438596 0.01023391812865497
0 0.19682017543859648 0.7887426900584795 0.006578947368421052 0.009502923976608187
0 0.1981907894736842 0.3161549707602339 0.008223684210526315 0.01608187134502924
0 0.19846491228070176 0.5369152046783626 0.007401315789473684 0.008771929824561403
0 0.19846491228070176 0.6195175438596491 0.006578947368421052 0.008771929824561403
0 0.20093201754385964 0.5226608187134503 0.007401315789473684 0.01023391812865497
0 0.2012061403508772 0.7814327485380117 0.00849780701754386 0.01023391812865497
0 0.22012061403508773 0.658625730994152 0.008771929824561403 0.011695906432748537
0 0.22231359649122806 0.6114766081871345 0.00849780701754386 0.013157894736842105
0 0.22423245614035087 0.6502192982456141 0.00712719298245614 0.01023391812865497
0 0.22669956140350878 0.9952485380116959 0.006578947368421052 0.009502923976608187
0 0.22724780701754385 0.6578947368421053 0.006304824561403508 0.01023391812865497
0 0.234375 0.5014619883040936 0.006030701754385965 0.00804093567251462
0 0.23574561403508773 0.8410087719298246 0.008771929824561403 0.010964912280701754
0 0.24232456140350878 0.27266081871345027 0.008771929824561403 0.010964912280701754
0 0.2431469298245614 0.6220760233918129 0.008771929824561403 0.013888888888888888
0 0.24396929824561403 0.385233918128655 0.007401315789473684 0.01023391812865497
0 0.2450657894736842 0.38596491228070173 0.006030701754385965 0.008771929824561403
0 0.24533991228070176 0.9828216374269005 0.006578947368421052 0.011695906432748537
0 0.24753289473684212 0.4952485380116959 0.005208333333333333 0.01023391812865497
0 0.24945175438596492 0.9908625730994152 0.00712719298245614 0.010964912280701754
0 0.25027412280701755 0.23976608187134502 0.006030701754385965 0.008771929824561403
0 0.2513706140350877 0.3220029239766082 0.008223684210526315 0.012426900584795321
0 0.25219298245614036 0.40131578947368424 0.008223684210526315 0.01023391812865497
0 0.25274122807017546 0.6085526315789473 0.006578947368421052 0.007309941520467836
0 0.2538377192982456 0.6206140350877193 0.009594298245614035 0.013157894736842105
0 0.25411184210526316 0.23903508771929824 0.008223684210526315 0.008771929824561403
0 0.2552083333333333 0.9228801169590644 0.0043859649122807015 0.006578947368421052
0 0.2604166666666667 0.4901315789473684 0.007949561403508772 0.01023391812865497
0 0.2612390350877193 0.577485380116959 0.006578947368421052 0.00804093567251462
0 0.26206140350877194 0.4108187134502924 0.007949561403508772 0.010964912280701754
0 0.2623355263157895 0.5252192982456141 0.006578947368421052 0.011330409356725146
0 0.26343201754385964 0.5625 0.006578947368421052 0.01023391812865497
0 0.2650767543859649 0.31542397660818716 0.006853070175438596 0.01023391812865497
0 0.26644736842105265 0.5698099415204678 0.008771929824561403 0.011695906432748537
0 0.26781798245614036 0.3077485380116959 0.006578947368421052 0.009502923976608187
0 0.26918859649122806 0.9371345029239766 0.007401315789473684 0.01023391812865497
0 0.27110745614035087 0.34173976608187134 0.004111842105263158 0.005847953216374269
0 0.2741228070175439 0.47368421052631576 0.006578947368421052 0.009137426900584795
0 0.27521929824561403 0.9144736842105263 0.009046052631578948 0.013157894736842105
0 0.2754934210526316 0.9254385964912281 0.005482456140350877 0.00804093567251462
0 0.2779605263157895 0.9064327485380117 0.01069078947368421 0.015350877192982455
0 0.28207236842105265 0.42872807017543857 0.006578947368421052 0.008771929824561403
0 0.2878289473684211 0.9385964912280702 0.006853070175438596 0.005847953216374269
0 0.2878289473684211 0.9389619883040936 0.006578947368421052 0.006578947368421052
0 0.2894736842105263 0.9057017543859649 0.007401315789473684 0.015350877192982455
0 0.29002192982456143 0.4455409356725146 0.007401315789473684 0.010964912280701754
0 0.29139254385964913 0.4057017543859649 0.006853070175438596 0.010964912280701754
0 0.29194078947368424 0.5343567251461988 0.008771929824561403 0.010964912280701754
0 0.2944078947368421 0.43969298245614036 0.009046052631578948 0.010964912280701754
0 0.29577850877192985 0.527046783625731 0.007949561403508772 0.010964912280701754
0 0.296875 0.4064327485380117 0.006578947368421052 0.011695906432748537
0 0.29714912280701755 0.9046052631578947 0.007949561403508772 0.011695906432748537
0 0.2974232456140351 0.5493421052631579 0.00849780701754386 0.013157894736842105
0 0.29769736842105265 0.8932748538011696 0.01069078947368421 0.013888888888888888
0 0.29769736842105265 0.9283625730994152 0.006578947368421052 0.005482456140350877
0 0.2982456140350877 0.9163011695906432 0.00712719298245614 0.011695906432748537
0 0.29906798245614036 0.5358187134502924 0.008223684210526315 0.012426900584795321
0 0.30290570175438597 0.45723684210526316 0.00712719298245614 0.008771929824561403
0 0.3031798245614035 0.9108187134502924 0.006578947368421052 0.010964912280701754
0 0.30372807017543857 0.5548245614035088 0.00849780701754386 0.014619883040935672
0 0.3053728070175439 0.5358187134502924 0.00712719298245614 0.009502923976608187
0 0.30564692982456143 0.9327485380116959 0.010964912280701754 0.016812865497076022
0 0.30701754385964913 0.4301900584795322 0.00356359649122807 0.006578947368421052
0 0.3072916666666667 0.3055555555555556 0.007401315789473684 0.012426900584795321
0 0.3086622807017544 0.5255847953216374 0.006578947368421052 0.01023391812865497
0 0.30948464912280704 0.34247076023391815 0.008223684210526315 0.013157894736842105
0 0.3100328947368421 0.4612573099415205 0.006030701754385965 0.009868421052631578
0 0.3100328947368421 0.9448099415204678 0.00712719298245614 0.013157894736842105
0 0.31414473684210525 0.5529970760233918 0.005756578947368421 0.013157894736842105
0 0.31606359649122806 0.33296783625730997 0.007949561403508772 0.01023391812865497
0 0.31743421052631576 0.8139619883040936 0.004934210526315789 0.009502923976608187
0 0.3182565789473684 0.3651315789473684 0.006578947368421052 0.009502923976608187
0 0.3182565789473684 0.4334795321637427 0.006578947368421052 0.006578947368421052
0 0.31853070175438597 0.5442251461988304 0.009594298245614035 0.010964912280701754
0 0.31853070175438597 0.554093567251462 0.006578947368421052 0.011695906432748537
0 0.31935307017543857 0.9254385964912281 0.008771929824561403 0.008771929824561403
0 0.3199013157894737 0.8157894736842105 0.006030701754385965 0.010964912280701754
0 0.3204495614035088 0.4967105263157895 0.008223684210526315 0.010964912280701754
0 0.3207236842105263 0.4828216374269006 0.008223684210526315 0.008771929824561403
0 0.3207236842105263 0.48903508771929827 0.006304824561403508 0.00804093567251462
0 0.32127192982456143 0.31469298245614036 0.007949561403508772 0.01023391812865497
0 0.32264254385964913 0.9557748538011696 0.008771929824561403 0.015350877192982455
0 0.32456140350877194 0.32346491228070173 0.005756578947368421 0.00804093567251462
0 0.32510964912280704 0.5529970760233918 0.008771929824561403 0.009502923976608187
0 0.32648026315789475 0.33771929824561403 0.006304824561403508 0.009502923976608187
0 0.32730263157894735 0.3717105263157895 0.006853070175438596 0.009502923976608187
0 0.32785087719298245 0.4334795321637427 0.005756578947368421 0.007309941520467836
0 0.3294956140350877 0.4725877192982456 0.007401315789473684 0.01023391812865497
0 0.33031798245614036 0.9590643274853801 0.008771929824561403 0.013888888888888888
0 0.3305921052631579 0.4444444444444444 0.006578947368421052 0.01023391812865497
0 0.3314144736842105 0.5021929824561403 0.007949561403508772 0.010964912280701754
0 0.3319627192982456 0.5603070175438597 0.0043859649122807015 0.005847953216374269
0 0.3325109649122807 0.3263888888888889 0.006578947368421052 0.009502923976608187
0 0.33278508771929827 0.48135964912280704 0.007401315789473684 0.013888888888888888
0 0.3363486842105263 0.5577485380116959 0.006304824561403508 0.008771929824561403
0 0.3371710526315789 0.5460526315789473 0.006578947368421052 0.00804093567251462
0 0.33771929824561403 0.44627192982456143 0.00712719298245614 0.013157894736842105
0 0.3385416666666667 0.4788011695906433 0.007949561403508772 0.011695906432748537
0 0.3404605263157895 0.783625730994152 0.005208333333333333 0.008771929824561403
0 0.3442982456140351 0.9031432748538012 0.004111842105263158 0.00804093567251462
0 0.34731359649122806 0.4283625730994152 0.006853070175438596 0.010964912280701754
0 0.3495065789473684 0.3406432748538012 0.006578947368421052 0.01023391812865497
0 0.35389254385964913 0.9078947368421053 0.007401315789473684 0.014619883040935672
0 0.3667763157894737 0.49451754385964913 0.005756578947368421 0.006578947368421052
0 0.37856359649122806 0.7364766081871345 0.007949561403508772 0.009502923976608187
0 0.3815789473684211 0.322733918128655 0.006578947368421052 0.00804093567251462
0 0.38185307017543857 0.295687134502924 0.006853070175438596 0.010964912280701754
0 0.38788377192982454 0.4418859649122807 0.005756578947368421 0.008771929824561403
0 0.38980263157894735 0.43201754385964913 0.00712719298245614 0.012426900584795321
0 0.3939144736842105 0.4203216374269006 0.005756578947368421 0.008771929824561403
0 0.3944627192982456 0.42909356725146197 0.004934210526315789 0.007309941520467836
0 0.3950109649122807 0.43567251461988304 0.006578947368421052 0.010964912280701754
0 0.3969298245614035 0.3512426900584795 0.006030701754385965 0.008771929824561403
0 0.40021929824561403 0.3578216374269006 0.00712719298245614 0.01023391812865497
0 0.4037828947368421 0.4451754385964912 0.005208333333333333 0.009502923976608187
0 0.4043311403508772 0.5986842105263158 0.006853070175438596 0.00804093567251462
0 0.4141995614035088 0.9623538011695907 0.00712719298245614 0.011695906432748537
0 0.42077850877192985 0.9627192982456141 0.00712719298245614 0.010964912280701754
0 0.42598684210526316 0.5705409356725146 0.004660087719298245 0.00804093567251462
0 0.4270833333333333 0.7894736842105263 0.005756578947368421 0.008771929824561403
0 0.4300986842105263 0.7982456140350878 0.00712719298245614 0.013157894736842105
0 0.4380482456140351 0.29239766081871343 0.005756578947368421 0.007309941520467836
0 0.44819078947368424 0.9725877192982456 0.008771929824561403 0.014619883040935672
0 0.45778508771929827 0.9861111111111112 0.007949561403508772 0.013888888888888888
0 0.4720394736842105 0.7675438596491229 0.004934210526315789 0.011695906432748537
0 0.47478070175438597 0.6710526315789473 0.006030701754385965 0.009502923976608187
0 0.4780701754385965 0.5500730994152047 0.005756578947368421 0.008771929824561403
0 0.48026315789473684 0.3991228070175439 0.006578947368421052 0.009502923976608187
0 0.48218201754385964 0.7865497076023392 0.006030701754385965 0.01023391812865497
0 0.4857456140350877 0.9141081871345029 0.00932017543859649 0.015350877192982455
0 0.48601973684210525 0.4016812865497076 0.006304824561403508 0.009502923976608187
0 0.4868421052631579 0.783625730994152 0.005208333333333333 0.008771929824561403
0 0.48848684210526316 0.7671783625730995 0.006030701754385965 0.008771929824561403
0 0.4901315789473684 0.5409356725146199 0.006578947368421052 0.010964912280701754
0 0.4923245614035088 0.9279970760233918 0.006853070175438596 0.012426900584795321
0 0.5005482456140351 0.9283625730994152 0.007949561403508772 0.012426900584795321
0 0.5087719298245614 0.9404239766081871 0.007401315789473684 0.009502923976608187
0 0.5216557017543859 0.5087719298245614 0.005208333333333333 0.008771929824561403
0 0.5257675438596491 0.8333333333333334 0.006578947368421052 0.010599415204678362
0 0.5276864035087719 0.7799707602339181 0.005482456140350877 0.012426900584795321
0 0.5285087719298246 0.7682748538011696 0.0043859649122807015 0.006578947368421052
0 0.5304276315789473 0.329312865497076 0.007949561403508772 0.010964912280701754
0 0.5348135964912281 0.4283625730994152 0.007949561403508772 0.010964912280701754
0 0.5413925438596491 0.4455409356725146 0.00712719298245614 0.010964912280701754
0 0.5422149122807017 0.8154239766081871 0.006030701754385965 0.009502923976608187
0 0.5638706140350878 0.4232456140350877 0.004934210526315789 0.006578947368421052
0 0.5797697368421053 0.48501461988304095 0.007949561403508772 0.012792397660818713
0 0.5951206140350878 0.6769005847953217 0.005756578947368421 0.0062134502923976605
0 0.5989583333333334 0.7028508771929824 0.004111842105263158 0.007675438596491228
0 0.5995065789473685 0.6648391812865497 0.005482456140350877 0.008406432748538011
0 0.6036184210526315 0.606359649122807 0.005756578947368421 0.01023391812865497
0 0.6115679824561403 0.6209795321637427 0.006578947368421052 0.009868421052631578
0 0.6134868421052632 0.5716374269005848 0.005482456140350877 0.008406432748538011
0 0.6175986842105263 0.5413011695906432 0.007675438596491228 0.01023391812865497
0 0.6296600877192983 0.5902777777777778 0.006304824561403508 0.009868421052631578
0 0.6348684210526315 0.5778508771929824 0.006304824561403508 0.010599415204678362
0 0.647203947368421 0.8921783625730995 0.010142543859649123 0.014619883040935672
0 0.6488486842105263 0.3925438596491228 0.006304824561403508 0.007309941520467836
0 0.6529605263157895 0.4448099415204678 0.006578947368421052 0.009502923976608187
0 0.6543311403508771 0.7057748538011696 0.005756578947368421 0.008771929824561403
0 0.6551535087719298 0.7280701754385965 0.006030701754385965 0.009502923976608187
0 0.6567982456140351 0.8932748538011696 0.006578947368421052 0.013888888888888888
0 0.6576206140350878 0.7697368421052632 0.006304824561403508 0.009502923976608187
0 0.6828399122807017 0.9616228070175439 0.00932017543859649 0.01608187134502924
0 0.6888706140350878 0.9733187134502924 0.010416666666666666 0.017543859649122806
0 0.6899671052631579 0.8607456140350878 0.009594298245614035 0.01608187134502924
0 0.7140899122807017 0.9652777777777778 0.006853070175438596 0.008771929824561403
0 0.7160087719298246 0.9597953216374269 0.009594298245614035 0.02046783625730994
0 0.7176535087719298 0.716374269005848 0.00712719298245614 0.011695906432748537
0 0.7201206140350878 0.9656432748538012 0.006578947368421052 0.010964912280701754
0 0.7228618421052632 0.9177631578947368 0.005208333333333333 0.009502923976608187
0 0.7245065789473685 0.3815789473684211 0.008223684210526315 0.011695906432748537
0 0.734375 0.3830409356725146 0.005208333333333333 0.007309941520467836
0 0.7510964912280702 0.9623538011695907 0.00932017543859649 0.015350877192982455
0 0.7571271929824561 0.9630847953216374 0.00849780701754386 0.016812865497076022
0 0.7584978070175439 0.4513888888888889 0.007401315789473684 0.011695906432748537
0 0.7615131578947368 0.49415204678362573 0.006578947368421052 0.009502923976608187
0 0.7631578947368421 0.48501461988304095 0.005756578947368421 0.00804093567251462
0 0.7631578947368421 0.8779239766081871 0.008223684210526315 0.013157894736842105
0 0.7820723684210527 0.8486842105263158 0.008223684210526315 0.010964912280701754
0 0.7856359649122807 0.860014619883041 0.008771929824561403 0.013157894736842105
0 0.7870065789473685 0.5975877192982456 0.009594298245614035 0.013157894736842105
0 0.8330592105263158 0.8505116959064327 0.006030701754385965 0.01023391812865497
0 0.8856907894736842 0.4100877192982456 0.008771929824561403 0.013157894736842105
0 0.8988486842105263 0.38011695906432746 0.008223684210526315 0.011695906432748537
0 0.9037828947368421 0.38377192982456143 0.008771929824561403 0.011695906432748537
0 0.9202302631578947 0.27997076023391815 0.009046052631578948 0.011695906432748537
0 0.944078947368421 0.3092105263157895 0.006030701754385965 0.00804093567251462
0 0.9459978070175439 0.28764619883040937 0.005756578947368421 0.008771929824561403
0 0.9470942982456141 0.9747807017543859 0.009046052631578948 0.015350877192982455
0 0.9484649122807017 0.30628654970760233 0.006853070175438596 0.009502923976608187
0 0.9487390350877193 0.4247076023391813 0.007401315789473684 0.008771929824561403
0 0.9495614035087719 0.3128654970760234 0.006578947368421052 0.00804093567251462
0 0.9498355263157895 0.2953216374269006 0.006578947368421052 0.007309941520467836
0 0.9506578947368421 0.9883040935672515 0.01069078947368421 0.013157894736842105
0 0.9602521929824561 0.9872076023391813 0.010964912280701754 0.014619883040935672
0 0.9616228070175439 0.3092105263157895 0.00932017543859649 0.01023391812865497
