0 0.05482456140350877 0.5873538011695907 0.013157894736842105 0.012792397660818713
0 0.05537280701754386 0.5760233918128655 0.011787280701754386 0.011695906432748537
0 0.05619517543859649 0.41191520467836257 0.017269736842105265 0.021198830409356724
0 0.06716008771929824 0.420687134502924 0.013157894736842105 0.014619883040935672
0 0.07483552631578948 0.5383771929824561 0.012609649122807017 0.015716374269005847
0 0.09375 0.36659356725146197 0.012609649122807017 0.016812865497076022
0 0.09841008771929824 0.3819444444444444 0.017269736842105265 0.02046783625730994
0 0.10471491228070176 0.3680555555555556 0.011787280701754386 0.016812865497076022
0 0.11979166666666667 0.5263157894736842 0.013706140350877192 0.019005847953216373
0 0.13843201754385964 0.6242690058479532 0.00712719298245614 0.01023391812865497
0 0.1425438596491228 0.6323099415204678 0.007949561403508772 0.010964912280701754
0 0.15460526315789475 0.47002923976608185 0.00849780701754386 0.013888888888888888
0 0.16036184210526316 0.8475877192982456 0.006304824561403508 0.00804093567251462
0 0.16282894736842105 0.8406432748538012 0.006578947368421052 0.009502923976608187
0 0.16858552631578946 0.4777046783625731 0.008771929824561403 0.012426900584795321
0 0.16968201754385964 0.8428362573099415 0.007949561403508772 0.009502923976608187
0 0.20038377192982457 0.555921052631579 0.006853070175438596 0.010964912280701754
0 0.21134868421052633 0.5573830409356725 0.006853070175438596 0.010964912280701754
0 0.21244517543859648 0.4130116959064328 0.009046052631578948 0.013157894736842105
0 0.21408991228070176 0.569078947368421 0.010964912280701754 0.013888888888888888
0 0.21847587719298245 0.40460526315789475 0.011787280701754386 0.016812865497076022
0 0.22149122807017543 0.814327485380117 0.007401315789473684 0.009868421052631578
0 0.22779605263157895 0.5756578947368421 0.010964912280701754 0.01827485380116959
0 0.22889254385964913 0.5581140350877193 0.008771929824561403 0.014985380116959063
0 0.23273026315789475 0.35635964912280704 0.00932017543859649 0.015350877192982455
0 0.23848684210526316 0.3607456140350877 0.006578947368421052 0.00804093567251462
0 0.24150219298245615 0.3534356725146199 0.009594298245614035 0.010964912280701754
0 0.25356359649122806 0.626827485380117 0.006578947368421052 0.006578947368421052
0 0.29139254385964913 0.9638157894736842 0.009594298245614035 0.019005847953216373
0 0.2935855263157895 0.2682748538011696 0.0043859649122807015 0.005482456140350877
0 0.29714912280701755 0.19554093567251463 0.012335526315789474 0.013523391812865496
0 0.2974232456140351 0.9660087719298246 0.007401315789473684 0.01608187134502924
0 0.29961622807017546 0.2733918128654971 0.005208333333333333 0.006944444444444444
0 0.3040021929824561 0.2320906432748538 0.004934210526315789 0.005847953216374269
0 0.3040021929824561 0.2540204678362573 0.010416666666666666 0.013157894736842105
0 0.30564692982456143 0.9583333333333334 0.010964912280701754 0.015350877192982455
0 0.30701754385964913 0.22587719298245615 0.004660087719298245 0.0062134502923976605
0 0.3081140350877193 0.2858187134502924 0.011239035087719298 0.019005847953216373
0 0.3086622807017544 0.9075292397660819 0.008223684210526315 0.013157894736842105
0 0.31085526315789475 0.22989766081871346 0.005482456140350877 0.005116959064327485
0 0.31085526315789475 0.7101608187134503 0.010964912280701754 0.017543859649122806
0 0.31085526315789475 0.8300438596491229 0.009594298245614035 0.01608187134502924
0 0.31140350877192985 0.24305555555555555 0.00932017543859649 0.008771929824561403
0 0.31414473684210525 0.25146198830409355 0.010416666666666666 0.013157894736842105
0 0.3149671052631579 0.3168859649122807 0.01069078947368421 0.016812865497076022
0 0.31606359649122806 0.9155701754385965 0.00932017543859649 0.013523391812865496
0 0.3168859649122807 0.9005847953216374 0.009594298245614035 0.011330409356725146
0 0.31798245614035087 0.2046783625730994 0.007401315789473684 0.005482456140350877
0 0.3182565789473684 0.7002923976608187 0.010964912280701754 0.01206140350877193
0 0.3188048245614035 0.27923976608187134 0.01069078947368421 0.01827485380116959
0 0.3199013157894737 0.689327485380117 0.010142543859649123 0.009502923976608187
0 0.3199013157894737 0.8256578947368421 0.00932017543859649 0.010964912280701754
0 0.32538377192982454 0.2138157894736842 0.006030701754385965 0.009502923976608187
0 0.32976973684210525 0.2236842105263158 0.004934210526315789 0.006578947368421052
0 0.33114035087719296 0.23355263157894737 0.006030701754385965 0.007675438596491228
0 0.35773026315789475 0.4608918128654971 0.006578947368421052 0.010964912280701754
0 0.37664473684210525 0.05226608187134503 0.007949561403508772 0.014619883040935672
0 0.3900767543859649 0.1911549707602339 0.006853070175438596 0.009868421052631578
0 0.3977521929824561 0.05701754385964912 0.008223684210526315 0.012426900584795321
0 0.4010416666666667 0.025584795321637425 0.006304824561403508 0.010964912280701754
0 0.4029605263157895 0.31396198830409355 0.005756578947368421 0.009502923976608187
0 0.42023026315789475 0.6955409356725146 0.00932017543859649 0.015716374269005847
0 0.4232456140350877 0.5562865497076024 0.00932017543859649 0.014619883040935672
0 0.42680921052631576 0.5193713450292398 0.011239035087719298 0.012426900584795321
0 0.42735745614035087 0.7021198830409356 0.011787280701754386 0.013888888888888888
0 0.4284539473684211 0.22697368421052633 0.006853070175438596 0.011695906432748537
0 0.4295504385964912 0.21783625730994152 0.006578947368421052 0.01023391812865497
0 0.4295504385964912 0.9035087719298246 0.008223684210526315 0.014619883040935672
0 0.4336622807017544 0.5482456140350878 0.008771929824561403 0.013888888888888888
0 0.43475877192982454 0.20942982456140352 0.007401315789473684 0.006578947368421052
0 0.4350328947368421 0.6962719298245614 0.007949561403508772 0.013888888888888888
0 0.4350328947368421 0.8940058479532164 0.008771929824561403 0.01023391812865497
0 0.44106359649122806 0.5431286549707602 0.008223684210526315 0.011695906432748537
0 0.4413377192982456 0.6999269005847953 0.007949561403508772 0.014619883040935672
0 0.44435307017543857 0.15716374269005848 0.005756578947368421 0.009502923976608187
0 0.4457236842105263 0.1875 0.007401315789473684 0.013157894736842105
0 0.4517543859649123 0.3614766081871345 0.011513157894736841 0.019005847953216373
0 0.45915570175438597 0.35562865497076024 0.010142543859649123 0.011695906432748537
0 0.4597039473684211 0.3307748538011696 0.010416666666666666 0.014619883040935672
0 0.4613486842105263 0.25621345029239767 0.006304824561403508 0.01023391812865497
0 0.4624451754385965 0.4718567251461988 0.007401315789473684 0.008771929824561403
0 0.4692982456140351 0.25511695906432746 0.005208333333333333 0.007675438596491228
0 0.47478070175438597 0.27850877192982454 0.01206140350877193 0.013157894736842105
0 0.4764254385964912 0.5687134502923976 0.007949561403508772 0.01023391812865497
0 0.48218201754385964 0.2887426900584795 0.007949561403508772 0.013888888888888888
0 0.48547149122807015 0.2766812865497076 0.009868421052631578 0.013888888888888888
0 0.4909539473684211 0.28362573099415206 0.004660087719298245 0.009502923976608187
0 0.4928728070175439 0.17105263157894737 0.003837719298245614 0.005116959064327485
0 0.49533991228070173 0.16703216374269006 0.00712719298245614 0.007675438596491228
0 0.49725877192982454 0.2997076023391813 0.00849780701754386 0.013157894736842105
0 0.5035635964912281 0.32346491228070173 0.007401315789473684 0.013157894736842105
0 0.5043859649122807 0.25584795321637427 0.006853070175438596 0.012426900584795321
0 0.5054824561403509 0.6005116959064327 0.00932017543859649 0.011695906432748537
0 0.5068530701754386 0.2638888888888889 0.00712719298245614 0.010964912280701754
0 0.5071271929824561 0.6096491228070176 0.009046052631578948 0.008771929824561403
0 0.5093201754385965 0.20796783625730994 0.006030701754385965 0.010964912280701754
0 0.5098684210526315 0.20942982456140352 0.004934210526315789 0.007309941520467836
0 0.5104166666666666 0.19773391812865498 0.00712719298245614 0.01023391812865497
0 0.5115131578947368 0.4411549707602339 0.00849780701754386 0.010964912280701754
0 0.5120614035087719 0.24817251461988304 0.006578947368421052 0.010964912280701754
0 0.5131578947368421 0.26608187134502925 0.006578947368421052 0.013157894736842105
0 0.5153508771929824 0.38048245614035087 0.00932017543859649 0.01206140350877193
0 0.5172697368421053 0.625 0.008771929824561403 0.012426900584795321
0 0.5183662280701754 0.3512426900584795 0.007401315789473684 0.012426900584795321
0 0.5202850877192983 0.43457602339181284 0.009046052631578948 0.012426900584795321
0 0.5216557017543859 0.5135233918128655 0.008771929824561403 0.012426900584795321
0 0.5230263157894737 0.2671783625730994 0.006304824561403508 0.011695906432748537
0 0.5235745614035088 0.6176900584795322 0.010142543859649123 0.013523391812865496
0 0.5238486842105263 0.19480994152046785 0.008223684210526315 0.013157894736842105
0 0.5276864035087719 0.5025584795321637 0.009046052631578948 0.009868421052631578
0 0.5301535087719298 0.34941520467836257 0.007949561403508772 0.010964912280701754
0 0.5307017543859649 0.5233918128654971 0.008771929824561403 0.01827485380116959
0 0.5383771929824561 0.5405701754385965 0.008223684210526315 0.011695906432748537
0 0.5400219298245614 0.5095029239766082 0.010416666666666666 0.01608187134502924
0 0.5460526315789473 0.5007309941520468 0.009046052631578948 0.014619883040935672
0 0.5512609649122807 0.5244883040935673 0.01069078947368421 0.017178362573099414
0 0.5526315789473685 0.5051169590643275 0.007949561403508772 0.013888888888888888
0 0.555921052631579 0.6034356725146199 0.010142543859649123 0.014619883040935672
0 0.565515350877193 0.6136695906432749 0.00849780701754386 0.011695906432748537
0 0.5668859649122807 0.35855263157894735 0.006304824561403508 0.008771929824561403
0 0.5685307017543859 0.6970029239766082 0.010416666666666666 0.009502923976608187
0 0.5688048245614035 0.5124269005847953 0.007949561403508772 0.011695906432748537
0 0.5688048245614035 0.70796783625731 0.009594298245614035 0.012426900584795321
0 0.5726425438596491 0.6136695906432749 0.008771929824561403 0.011695906432748537
0 0.5729166666666666 0.23866959064327486 0.008771929824561403 0.009502923976608187
0 0.5731907894736842 0.5946637426900585 0.008771929824561403 0.011695906432748537
0 0.5764802631578947 0.27010233918128657 0.005208333333333333 0.007309941520467836
0 0.5770285087719298 0.7076023391812866 0.010964912280701754 0.011695906432748537
0 0.5808662280701754 0.23391812865497075 0.01069078947368421 0.009137426900584795
0 0.5822368421052632 0.24378654970760233 0.004660087719298245 0.006578947368421052
0 0.587171052631579 0.2463450292397661 0.008771929824561403 0.010964912280701754
0 0.5932017543859649 0.23903508771929824 0.006578947368421052 0.01023391812865497
0 0.5981359649122807 0.21454678362573099 0.009594298245614035 0.01023391812865497
0 0.6014254385964912 0.23720760233918128 0.006578947368421052 0.007309941520467836
0 0.6033442982456141 0.19846491228070176 0.00849780701754386 0.012426900584795321
0 0.6038925438596491 0.22112573099415206 0.008223684210526315 0.013888888888888888
0 0.6096491228070176 0.3651315789473684 0.007949561403508772 0.011695906432748537
0 0.6112938596491229 0.5237573099415205 0.006304824561403508 0.009137426900584795
0 0.6115679824561403 0.22478070175438597 0.009046052631578948 0.01608187134502924
0 0.612390350877193 0.3088450292397661 0.007949561403508772 0.011330409356725146
0 0.615953947368421 0.20869883040935672 0.009046052631578948 0.016812865497076022
0 0.615953947368421 0.6195175438596491 0.006578947368421052 0.00804093567251462
0 0.6203399122807017 0.9652777777777778 0.010964912280701754 0.017543859649122806
0 0.6222587719298246 0.9506578947368421 0.011239035087719298 0.01608187134502924
0 0.6241776315789473 0.6129385964912281 0.009594298245614035 0.011330409356725146
0 0.625 0.6202485380116959 0.008771929824561403 0.01023391812865497
0 0.6313048245614035 0.9630847953216374 0.013980263157894737 0.021198830409356724
0 0.6365131578947368 0.7445175438596491 0.006578947368421052 0.009502923976608187
0 0.6400767543859649 0.735014619883041 0.008771929824561403 0.012426900584795321
0 0.643640350877193 0.741593567251462 0.007401315789473684 0.013888888888888888
0 0.643640350877193 0.9638157894736842 0.011513157894736841 0.01644736842105263
0 0.6535087719298246 0.4440789473684211 0.005208333333333333 0.007309941520467836
0 0.6606359649122807 0.8146929824561403 0.009594298245614035 0.015350877192982455
0 0.6631030701754386 0.2715643274853801 0.009046052631578948 0.01644736842105263
0 0.6674890350877193 0.6571637426900585 0.00849780701754386 0.015716374269005847
0 0.6740679824561403 0.8421052631578947 0.008771929824561403 0.013157894736842105
0 0.6754385964912281 0.6973684210526315 0.010964912280701754 0.014985380116959063
0 0.6776315789473685 0.385233918128655 0.008771929824561403 0.009502923976608187
0 0.6798245614035088 0.2452485380116959 0.00932017543859649 0.016812865497076022
0 0.6839364035087719 0.2540204678362573 0.00849780701754386 0.012792397660818713
0 0.6847587719298246 0.8468567251461988 0.010964912280701754 0.015350877192982455
0 0.6858552631578947 0.41228070175438597 0.009594298245614035 0.013157894736842105
0 0.6872258771929824 0.37792397660818716 0.010142543859649123 0.013888888888888888
0 0.6872258771929824 0.8263888888888888 0.006578947368421052 0.01023391812865497
0 0.6896929824561403 0.2646198830409357 0.009046052631578948 0.01023391812865497
0 0.6902412280701754 0.2536549707602339 0.008771929824561403 0.014619883040935672
0 0.6954495614035088 0.2532894736842105 0.006304824561403508 0.009502923976608187
0 0.6976425438596491 0.8362573099415205 0.007401315789473684 0.013157894736842105
0 0.6992872807017544 0.9831871345029239 0.01069078947368421 0.013888888888888888
0 0.7044956140350878 0.2945906432748538 0.004111842105263158 0.005847953216374269
0 0.7069627192982456 0.29312865497076024 0.004111842105263158 0.006578947368421052
0 0.7088815789473685 0.8424707602339181 0.013157894736842105 0.02046783625730994
0 0.712171052631579 0.9897660818713451 0.010964912280701754 0.011695906432748537
0 0.7132675438596491 0.3029970760233918 0.004660087719298245 0.006578947368421052
0 0.715734649122807 0.39546783625730997 0.007401315789473684 0.011695906432748537
0 0.7206688596491229 0.5244883040935673 0.00712719298245614 0.01023391812865497
0 0.7242324561403509 0.8622076023391813 0.010142543859649123 0.015350877192982455
0 0.7261513157894737 0.3358918128654971 0.007949561403508772 0.012426900584795321
0 0.7305372807017544 0.5168128654970761 0.008771929824561403 0.013157894736842105
0 0.7305372807017544 0.8709795321637427 0.010964912280701754 0.015350877192982455
0 0.7327302631578947 0.32858187134502925 0.007949561403508772 0.011695906432748537
0 0.7371162280701754 0.8636695906432749 0.010416666666666666 0.013888888888888888
0 0.7382127192982456 0.3881578947368421 0.005756578947368421 0.00804093567251462
0 0.743421052631579 0.39400584795321636 0.008223684210526315 0.009502923976608187
0 0.7450657894736842 0.42178362573099415 0.010142543859649123 0.016812865497076022
0 0.7483552631578947 0.8402777777777778 0.008771929824561403 0.014619883040935672
0 0.7494517543859649 0.8241959064327485 0.011513157894736841 0.012792397660818713
0 0.7516447368421053 0.4130116959064328 0.01069078947368421 0.013157894736842105
0 0.7549342105263158 0.28983918128654973 0.006030701754385965 0.007309941520467836
0 0.7552083333333334 0.35599415204678364 0.009594298245614035 0.017543859649122806
0 0.7571271929824561 0.8468567251461988 0.010964912280701754 0.015350877192982455
0 0.7595942982456141 0.2997076023391813 0.004934210526315789 0.007309941520467836
0 0.7645285087719298 0.902046783625731 0.013157894736842105 0.014619883040935672
0 0.7650767543859649 0.9232456140350878 0.010964912280701754 0.011695906432748537
0 0.765625 0.46308479532163743 0.010416666666666666 0.00804093567251462
0 0.7716557017543859 0.8333333333333334 0.011513157894736841 0.013888888888888888
0 0.7727521929824561 0.9184941520467836 0.008771929824561403 0.010964912280701754
0 0.7779605263157895 0.9035087719298246 0.011513157894736841 0.014619883040935672
0 0.7845394736842105 0.9064327485380117 0.010416666666666666 0.014619883040935672
0 0.7916666666666666 0.30153508771929827 0.006304824561403508 0.009502923976608187
0 0.7960526315789473 0.5040204678362573 0.005208333333333333 0.007309941520467836
0 0.7960526315789473 0.6374269005847953 0.00849780701754386 0.010964912280701754
0 0.7976973684210527 0.23720760233918128 0.006030701754385965 0.006578947368421052
0 0.8026315789473685 0.4864766081871345 0.006030701754385965 0.008771929824561403
0 0.803453947368421 0.3088450292397661 0.007401315789473684 0.011695906432748537
0 0.8048245614035088 0.639985380116959 0.009868421052631578 0.010599415204678362
0 0.8056469298245614 0.9287280701754386 0.010964912280701754 0.021564327485380116
0 0.8061951754385965 0.20211988304093567 0.004660087719298245 0.00804093567251462
0 0.8075657894736842 0.18311403508771928 0.0043859649122807015 0.005847953216374269
0 0.8083881578947368 0.9057017543859649 0.01425438596491228 0.01644736842105263
0 0.809484649122807 0.9791666666666666 0.010142543859649123 0.01608187134502924
0 0.8111293859649122 0.20029239766081872 0.005482456140350877 0.006578947368421052
0 0.8135964912280702 0.19773391812865498 0.004660087719298245 0.005847953216374269
0 0.8141447368421053 0.32127192982456143 0.008771929824561403 0.010964912280701754
0 0.8146929824561403 0.241593567251462 0.005208333333333333 0.00804093567251462
0 0.8163377192982456 0.2152777777777778 0.0043859649122807015 0.005847953216374269
0 0.8163377192982456 0.22185672514619884 0.005756578947368421 0.007309941520467836
0 0.8163377192982456 0.32821637426900585 0.006578947368421052 0.007309941520467836
0 0.8168859649122807 0.9791666666666666 0.009046052631578948 0.014985380116959063
0 0.8171600877192983 0.3541666666666667 0.008771929824561403 0.009502923976608187
0 0.8174342105263158 0.44334795321637427 0.01069078947368421 0.017178362573099414
0 0.8182565789473685 0.23720760233918128 0.00712719298245614 0.010599415204678362
0 0.8185307017543859 0.34247076023391815 0.008771929824561403 0.013888888888888888
0 0.8188048245614035 0.9703947368421053 0.008771929824561403 0.013157894736842105
0 0.8212719298245614 0.2225877192982456 0.006030701754385965 0.00804093567251462
0 0.821546052631579 0.23062865497076024 0.006304824561403508 0.005116959064327485
0 0.8223684210526315 0.36293859649122806 0.00712719298245614 0.01023391812865497
0 0.8234649122807017 0.20614035087719298 0.0043859649122807015 0.005116959064327485
0 0.8275767543859649 0.2065058479532164 0.004934210526315789 0.006578947368421052
0 0.8275767543859649 0.4367690058479532 0.012609649122807017 0.01827485380116959
0 0.8300438596491229 0.21747076023391812 0.005482456140350877 0.007675438596491228
0 0.8303179824561403 0.41739766081871343 0.010964912280701754 0.017543859649122806
0 0.8316885964912281 0.22002923976608188 0.006304824561403508 0.00804093567251462
0 0.8325109649122807 0.5339912280701754 0.010142543859649123 0.013157894736842105
0 0.8336074561403509 0.4689327485380117 0.011513157894736841 0.021564327485380116
0 0.8355263157894737 0.22624269005847952 0.004660087719298245 0.005847953216374269
0 0.8355263157894737 0.4510233918128655 0.012883771929824562 0.01608187134502924
0 0.8360745614035088 0.20431286549707603 0.005756578947368421 0.006578947368421052
0 0.8360745614035088 0.5668859649122807 0.006578947368421052 0.009502923976608187
0 0.8366228070175439 0.4901315789473684 0.012883771929824562 0.01827485380116959
0 0.8366228070175439 0.5464181286549707 0.010964912280701754 0.017543859649122806
0 0.837171052631579 0.21089181286549707 0.0043859649122807015 0.007309941520467836
0 0.8382675438596491 0.20906432748538012 0.006578947368421052 0.010964912280701754
0 0.84375 0.46308479532163743 0.01617324561403509 0.01827485380116959
0 0.8481359649122807 0.44919590643274854 0.013706140350877192 0.019005847953216373
0 0.8508771929824561 0.1560672514619883 0.005208333333333333 0.00804093567251462
0 0.8519736842105263 0.16557017543859648 0.007401315789473684 0.009502923976608187
0 0.8544407894736842 0.5296052631578947 0.011239035087719298 0.01644736842105263
0 0.8547149122807017 0.14985380116959066 0.006030701754385965 0.00804093567251462
0 0.8618421052631579 0.5051169590643275 0.012883771929824562 0.01827485380116959
0 0.8621162280701754 0.6589912280701754 0.007675438596491228 0.00804093567251462
0 0.8629385964912281 0.37792397660818716 0.005208333333333333 0.007309941520467836
0 0.8634868421052632 0.13596491228070176 0.004934210526315789 0.00804093567251462
0 0.8648574561403509 0.9872076023391813 0.009594298245614035 0.013888888888888888
0 0.8662280701754386 0.13084795321637427 0.004934210526315789 0.005847953216374269
0 0.8733552631578947 0.1472953216374269 0.006304824561403508 0.01023391812865497
0 0.8733552631578947 0.2675438596491228 0.00712719298245614 0.008771929824561403
0 0.8774671052631579 0.13925438596491227 0.0043859649122807015 0.009137426900584795
0 0.8802083333333334 0.26535087719298245 0.006304824561403508 0.007675438596491228
0 0.8802083333333334 0.2737573099415205 0.007401315789473684 0.008406432748538011
0 0.8810307017543859 0.7189327485380117 0.006853070175438596 0.009502923976608187
0 0.8813048245614035 0.7470760233918129 0.008771929824561403 0.011695906432748537
0 0.8824013157894737 0.13048245614035087 0.004934210526315789 0.008406432748538011
0 0.8837719298245614 0.12353801169590643 0.005208333333333333 0.005847953216374269
0 0.8843201754385965 0.14692982456140352 0.006304824561403508 0.01023391812865497
0 0.8856907894736842 0.13523391812865498 0.005208333333333333 0.009502923976608187
0 0.8862390350877193 0.14437134502923976 0.005482456140350877 0.00804093567251462
0 0.8873355263157895 0.7178362573099415 0.006578947368421052 0.01023391812865497
0 0.8878837719298246 0.2679093567251462 0.00712719298245614 0.00804093567251462
0 0.8914473684210527 0.7320906432748538 0.008223684210526315 0.011695906432748537
0 0.8955592105263158 0.2675438596491228 0.008223684210526315 0.008771929824561403
0 0.8985745614035088 0.2598684210526316 0.008771929824561403 0.009502923976608187
0 0.9043311403508771 0.7214912280701754 0.012335526315789474 0.01608187134502924
0 0.9111842105263158 0.2850877192982456 0.006853070175438596 0.008771929824561403
0 0.9177631578947368 0.2847222222222222 0.00712719298245614 0.008771929824561403
0 0.9328399122807017 0.9272660818713451 0.010964912280701754 0.013888888888888888
0 0.9328399122807017 0.9415204678362573 0.011787280701754386 0.019371345029239765
0 0.9350328947368421 0.9016812865497076 0.006030701754385965 0.00804093567251462
0 0.9350328947368421 0.9144736842105263 0.009046052631578948 0.013157894736842105
0 0.9353070175438597 0.5102339181286549 0.006578947368421052 0.009502923976608187
0 0.9377741228070176 0.5358187134502924 0.00849780701754386 0.008771929824561403
0 0.9388706140350878 0.4992690058479532 0.009594298245614035 0.013888888888888888
0 0.940515350877193 0.8128654970760234 0.01069078947368421 0.013157894736842105
0 0.9429824561403509 0.9122807017543859 0.00712719298245614 0.008771929824561403
0 0.9498355263157895 0.7620614035087719 0.006304824561403508 0.00804093567251462
0 0.9509320175438597 0.8179824561403509 0.011787280701754386 0.019736842105263157
0 0.9553179824561403 0.2909356725146199 0.005756578947368421 0.00804093567251462
0 0.9577850877192983 0.8220029239766082 0.007949561403508772 0.012426900584795321
0 0.9608004385964912 0.8910818713450293 0.00932017543859649 0.013888888888888888
0 0.9610745614035088 0.27558479532163743 0.008223684210526315 0.007675438596491228
0 0.9684758771929824 0.3961988304093567 0.004660087719298245 0.007309941520467836
0 0.9810855263157895 0.28728070175438597 0.008223684210526315 0.008406432748538011
0 0.9821820175438597 0.2945906432748538 0.006853070175438596 0.008771929824561403
0 0.9824561403508771 0.8201754385964912 0.010416666666666666 0.013888888888888888
0 0.9846491228070176 0.339546783625731 0.00849780701754386 0.010964912280701754
0 0.9876644736842105 0.8168859649122807 0.01069078947368421 0.013157894736842105
0 0.9879385964912281 0.9049707602339181 0.014528508771929825 0.015350877192982455
0 0.9884868421052632 0.29276315789473684 0.006853070175438596 0.010964912280701754
0 0.9895833333333334 0.3044590643274854 0.00712719298245614 0.010599415204678362
0 0.993421052631579 0.33223684210526316 0.007949561403508772 0.01023391812865497
0 0.9956140350877193 0.7967836257309941 0.00849780701754386 0.015350877192982455
0 0.996984649122807 0.3044590643274854 0.005756578947368421 0.00804093567251462
