0 0.006607929515418502 0.4260912698412698 0.013215859030837005 0.007688492063492063
0 0.2786343612334802 0.37723214285714285 0.028083700440528634 0.009176587301587302
0 0.30506607929515417 0.21081349206349206 0.018722466960352423 0.00992063492063492
0 0.3381057268722467 0.4246031746031746 0.036894273127753306 0.017361111111111112
0 0.34801762114537443 0.16865079365079366 0.010462555066079295 0.007192460317460317
0 0.3606828193832599 0.1684027777777778 0.015969162995594713 0.010168650793650794
0 0.3805066079295154 0.4375 0.015969162995594713 0.012896825396825396
0 0.3816079295154185 0.45337301587301587 0.03634361233480176 0.017609126984126984
0 0.41629955947136565 0.49950396825396826 0.03359030837004405 0.00818452380952381
0 0.42400881057268724 0.03125 0.01762114537444934 0.010416666666666666
0 0.42786343612334804 0.3621031746031746 0.03248898678414097 0.015873015873015872
0 0.43612334801762115 0.49007936507936506 0.024229074889867842 0.007192460317460317
0 0.45154185022026433 0.49702380952380953 0.023127753303964757 0.006696428571428571
0 0.4801762114537445 0.5905257936507936 0.006607929515418502 0.00496031746031746
0 0.4977973568281938 0.6428571428571429 0.012114537444933921 0.006944444444444444
0 0.5110132158590308 0.373015873015873 0.034140969162995596 0.013640873015873016
0 0.5446035242290749 0.1505456349206349 0.01762114537444934 0.006696428571428571
0 0.5468061674008811 0.20560515873015872 0.015418502202643172 0.00818452380952381
0 0.6877753303964758 0.44543650793650796 0.02918502202643172 0.014136904761904762
0 0.8595814977973568 0.40401785714285715 0.025881057268722467 0.01488095238095238
0 0.873898678414097 0.3913690476190476 0.02973568281938326 0.014136904761904762
0 0.8843612334801763 0.4045138888888889 0.02973568281938326 0.015376984126984126
0 0.8860132158590308 0.41517857142857145 0.034691629955947136 0.013392857142857142
0 0.9074889867841409 0.30753968253968256 0.031938325991189426 0.015873015873015872
0 0.9939427312775331 0.37475198412698413 0.011013215859030838 0.01488095238095238
0 0.9966960352422908 0.3621031746031746 0.005506607929515419 0.011160714285714286
