0 0.03303964757709251 0.04737111111111111 0.015418502202643172 0.008432539682539682
0 0.03689444933920705 0.08804571428571428 0.013215859030837005 0.006944444444444444
0 0.04515418502202643 0.0766368253968254 0.009911894273127754 0.005456349206349206
0 0.08094696035242291 0.4358879365079365 0.024229074889867842 0.009176666666666668
0 0.3240637885462555 0.2725693650793651 0.024779559471365637 0.012896825396825396
0 0.3650879295154185 0.31994047619047616 0.024229074889867842 0.00496031746031746
0 0.43254414096916305 0.2384673015873016 0.02918484581497797 0.012152857142857144
0 0.45512105726872243 0.275917619047619 0.01927330396475771 0.01116063492063492
0 0.4562223788546255 0.2393352380952381 0.02257691629955947 0.012896825396825396
0 0.4754956828193833 0.2367311111111111 0.026982555066079297 0.015128888888888888
0 0.4955947136563877 0.23313492063492064 0.02643171806167401 0.012896825396825396
0 0.49862343612334803 0.24181555555555556 0.024779559471365637 0.008432539682539682
0 0.5200990308370044 0.23053079365079365 0.02918484581497797 0.013640952380952382
0 0.525055154185022 0.251984126984127 0.02918484581497797 0.013888888888888888
0 0.5608479295154185 0.22606650793650795 0.02257691629955947 0.012152857142857144
0 0.7921255638766519 0.38058031746031745 0.02367844933920705 0.010664603174603174
0 0.80368940969163 0.3993055555555556 0.020374493392070484 0.011904761904761904
