0 0.003854625550660793 0.1307043650793651 0.007709251101321586 0.005952380952380952
0 0.03359030837004405 0.09821428571428571 0.012665198237885462 0.006696428571428571
0 0.03359030837004405 0.1314484126984127 0.011563876651982379 0.005208333333333333
0 0.036894273127753306 0.1359126984126984 0.00881057268722467 0.005952380952380952
0 0.046255506607929514 0.12524801587301587 0.00881057268722467 0.003472222222222222
0 0.048458149779735685 0.12276785714285714 0.007158590308370044 0.002976190476190476
0 0.06277533039647577 0.09995039682539683 0.011013215859030838 0.00744047619047619
0 0.2461453744493392 0.2958829365079365 0.01817180616740088 0.006696428571428571
0 0.29515418502202645 0.7767857142857143 0.03909691629955947 0.01066468253968254
0 0.30506607929515417 0.12946428571428573 0.023127753303964757 0.009424603174603174
0 0.30947136563876654 0.3115079365079365 0.022577092511013214 0.010912698412698412
0 0.32158590308370044 0.32043650793650796 0.02092511013215859 0.011408730158730158
0 0.33259911894273125 0.34771825396825395 0.022577092511013214 0.010416666666666666
0 0.3370044052863436 0.35540674603174605 0.01762114537444934 0.009424603174603174
0 0.36123348017621143 0.3586309523809524 0.02092511013215859 0.012648809523809524
0 0.4052863436123348 0.2904265873015873 0.0236784140969163 0.00992063492063492
0 0.42455947136563876 0.2874503968253968 0.0236784140969163 0.010168650793650794
0 0.44823788546255505 0.28794642857142855 0.01762114537444934 0.009672619047619048
0 0.45044052863436124 0.32242063492063494 0.019273127753303965 0.011408730158730158
0 0.46640969162995594 0.2857142857142857 0.022026431718061675 0.012896825396825396
0 0.4763215859030837 0.31274801587301587 0.025330396475770924 0.008928571428571428
0 0.4851321585903084 0.28249007936507936 0.022026431718061675 0.011904761904761904
0 0.4889867841409692 0.2914186507936508 0.0236784140969163 0.010912698412698412
0 0.4977973568281938 0.21354166666666666 0.03634361233480176 0.014136904761904762
0 0.5088105726872246 0.2795138888888889 0.0236784140969163 0.011904761904761904
0 0.5115638766519823 0.2914186507936508 0.017070484581497798 0.006448412698412698
0 0.51431718061674 0.30009920634920634 0.023127753303964757 0.012648809523809524
0 0.5170704845814978 0.26587301587301587 0.014317180616740088 0.010416666666666666
0 0.5418502202643172 0.008680555555555556 0.025330396475770924 0.011408730158730158
0 0.552863436123348 0.003720238095238095 0.024229074889867842 0.007688492063492063
0 0.5583700440528634 0.015376984126984126 0.013766519823788546 0.00992063492063492
0 0.5776431718061674 0.005208333333333333 0.02477973568281938 0.01066468253968254
0 0.776431718061674 0.42237103174603174 0.019273127753303965 0.007688492063492063
0 0.788546255506608 0.43973214285714285 0.01762114537444934 0.010168650793650794
0 0.7935022026431718 0.4955357142857143 0.01817180616740088 0.007936507936507936
0 0.9851321585903083 0.2452876984126984 0.019273127753303965 0.011160714285714286
