0 0.4816666666666667 0.3955 0.011111111111111112 0.00525
0 0.485 0.38675 0.008888888888888889 0.00475
0 0.5855555555555556 0.3395 0.012777777777777779 0.0055
0 0.5894444444444444 0.3735 0.0077777777777777776 0.00275
0 0.6166666666666667 0.36625 0.0077777777777777776 0.004
0 0.6205555555555555 0.35375 0.008888888888888889 0.0045
0 0.6205555555555555 0.358 0.008333333333333333 0.004
0 0.6227777777777778 0.368 0.008333333333333333 0.0045
0 0.6361111111111111 0.3555 0.006666666666666667 0.00475
0 0.6416666666666667 0.372 0.008888888888888889 0.0035
0 0.6427777777777778 0.369 0.01 0.005
0 0.6444444444444445 0.361 0.005 0.00275
0 0.6455555555555555 0.35825 0.005555555555555556 0.00375
0 0.6511111111111111 0.35825 0.006666666666666667 0.0035
