0 0.034691629955947136 0.5188492063492064 0.028634361233480177 0.011408730158730158
0 0.12665198237885464 0.5285218253968254 0.011013215859030838 0.006944444444444444
0 0.2472466960352423 0.5275297619047619 0.023127753303964757 0.008928571428571428
0 0.35462555066079293 0.5252976190476191 0.026982378854625552 0.009424603174603174
0 0.3590308370044053 0.5798611111111112 0.02092511013215859 0.005952380952380952
0 0.39922907488986786 0.4756944444444444 0.019823788546255508 0.01066468253968254
0 0.6486784140969163 0.1297123015873016 0.023127753303964757 0.010912698412698412
0 0.676762114537445 0.5089285714285714 0.03634361233480176 0.01711309523809524
0 0.7466960352422908 0.44221230158730157 0.030837004405286344 0.015873015873015872
0 0.7533039647577092 0.5734126984126984 0.02918502202643172 0.008928571428571428
0 0.7731277533039648 0.5620039682539683 0.023127753303964757 0.007192460317460317
0 0.788546255506608 0.5706845238095238 0.028083700440528634 0.01066468253968254
0 0.808920704845815 0.8117559523809523 0.021475770925110133 0.010168650793650794
0 0.8337004405286343 0.4489087301587302 0.036894273127753306 0.014136904761904762
