0 0.006578947368421052 0.46573464912280704 0.010599415204678362 0.006578947368421052
0 0.017178362573099414 0.48327850877192985 0.017178362573099414 0.011239035087719298
0 0.017909356725146198 0.27713815789473684 0.021564327485380116 0.017543859649122806
0 0.02631578947368421 0.21025219298245615 0.01206140350877193 0.010142543859649123
0 0.03545321637426901 0.34375 0.012792397660818713 0.006030701754385965
0 0.049707602339181284 0.35718201754385964 0.01206140350877193 0.0043859649122807015
0 0.05482456140350877 0.32894736842105265 0.01864035087719298 0.010964912280701754
0 0.05884502923976608 0.47478070175438597 0.016812865497076022 0.012335526315789474
0 0.05921052631578947 0.17708333333333334 0.017909356725146198 0.012335526315789474
0 0.06469298245614036 0.19709429824561403 0.020833333333333332 0.014528508771929825
0 0.07821637426900585 0.27713815789473684 0.011330409356725146 0.008223684210526315
0 0.07858187134502924 0.20394736842105263 0.013523391812865496 0.011513157894736841
0 0.08589181286549707 0.27110745614035087 0.010964912280701754 0.00932017543859649
0 0.09429824561403509 0.20970394736842105 0.012426900584795321 0.01069078947368421
0 0.09685672514619884 0.8492324561403509 0.01023391812865497 0.009046052631578948
0 0.09868421052631579 0.8708881578947368 0.011695906432748537 0.011239035087719298
0 0.10051169590643275 0.8601973684210527 0.012426900584795321 0.010416666666666666
0 0.1027046783625731 0.39555921052631576 0.03508771929824561 0.026589912280701754
0 0.10380116959064327 0.3199013157894737 0.017909356725146198 0.013157894736842105
0 0.1067251461988304 0.9002192982456141 0.009868421052631578 0.009594298245614035
0 0.1118421052631579 0.8884320175438597 0.009502923976608187 0.010416666666666666
0 0.11842105263157894 0.31551535087719296 0.016812865497076022 0.015899122807017545
0 0.13048245614035087 0.9043311403508771 0.008771929824561403 0.010416666666666666
0 0.1440058479532164 0.684484649122807 0.025219298245614034 0.022203947368421052
0 0.1560672514619883 0.48081140350877194 0.00804093567251462 0.006578947368421052
0 0.1564327485380117 0.9084429824561403 0.007309941520467836 0.00712719298245614
0 0.15862573099415206 0.846765350877193 0.009137426900584795 0.009046052631578948
0 0.1652046783625731 0.6875 0.013157894736842105 0.011513157894736841
0 0.16739766081871346 0.6762609649122807 0.011330409356725146 0.009046052631578948
0 0.16885964912280702 0.8911732456140351 0.0043859649122807015 0.003837719298245614
0 0.17068713450292397 0.14528508771929824 0.008771929824561403 0.007675438596491228
0 0.17068713450292397 0.7305372807017544 0.011695906432748537 0.009868421052631578
0 0.17288011695906433 0.12390350877192982 0.012426900584795321 0.01069078947368421
0 0.18165204678362573 0.14665570175438597 0.011330409356725146 0.009868421052631578
0 0.18165204678362573 0.6488486842105263 0.011330409356725146 0.005208333333333333
0 0.1827485380116959 0.4300986842105263 0.02266081871345029 0.018914473684210526
0 0.18421052631578946 0.29139254385964913 0.008771929824561403 0.008771929824561403
0 0.18421052631578946 0.7678179824561403 0.008406432748538011 0.0043859649122807015
0 0.18457602339181287 0.9067982456140351 0.008406432748538011 0.007949561403508772
0 0.18823099415204678 0.8629385964912281 0.009137426900584795 0.007949561403508772
0 0.18969298245614036 0.7694627192982456 0.006944444444444444 0.004111842105263158
0 0.19407894736842105 0.640625 0.013523391812865496 0.009594298245614035
0 0.19407894736842105 0.8966557017543859 0.007309941520467836 0.005756578947368421
0 0.19480994152046785 0.7634320175438597 0.00804093567251462 0.00712719298245614
0 0.19736842105263158 0.7415021929824561 0.01023391812865497 0.009594298245614035
0 0.19809941520467836 0.9279057017543859 0.008406432748538011 0.00849780701754386
0 0.19883040935672514 0.5929276315789473 0.012792397660818713 0.007949561403508772
0 0.20175438596491227 0.881578947368421 0.0062134502923976605 0.008771929824561403
0 0.20248538011695907 0.9298245614035088 0.006578947368421052 0.006030701754385965
0 0.20358187134502925 0.6307565789473685 0.009868421052631578 0.00932017543859649
0 0.20431286549707603 0.596765350877193 0.015350877192982455 0.01069078947368421
0 0.20577485380116958 0.9067982456140351 0.00804093567251462 0.00712719298245614
0 0.20687134502923976 0.7036732456140351 0.00804093567251462 0.00712719298245614
0 0.20723684210526316 0.6091008771929824 0.017178362573099414 0.00849780701754386
0 0.20796783625730994 0.7489035087719298 0.010599415204678362 0.009046052631578948
0 0.20906432748538012 0.5411184210526315 0.016812865497076022 0.014802631578947368
0 0.2149122807017544 0.8873355263157895 0.009502923976608187 0.009046052631578948
0 0.21820175438596492 0.8955592105263158 0.008771929824561403 0.00849780701754386
0 0.2185672514619883 0.600328947368421 0.014985380116959063 0.012609649122807017
0 0.21929824561403508 0.6214364035087719 0.013523391812865496 0.012609649122807017
0 0.21966374269005848 0.4791666666666667 0.011330409356725146 0.010142543859649123
0 0.2222222222222222 0.7050438596491229 0.00804093567251462 0.006853070175438596
0 0.22514619883040934 0.6091008771929824 0.017543859649122806 0.011787280701754386
0 0.23062865497076024 0.6211622807017544 0.015350877192982455 0.01343201754385965
0 0.23684210526315788 0.6450109649122807 0.012426900584795321 0.00932017543859649
0 0.23830409356725146 0.634046052631579 0.015350877192982455 0.013706140350877192
0 0.24195906432748537 0.40405701754385964 0.02448830409356725 0.023848684210526317
0 0.24780701754385964 0.14775219298245615 0.011330409356725146 0.010964912280701754
0 0.25219298245614036 0.7628837719298246 0.008406432748538011 0.007675438596491228
0 0.25621345029239767 0.13267543859649122 0.005116959064327485 0.004111842105263158
0 0.26535087719298245 0.15981359649122806 0.01023391812865497 0.006030701754385965
0 0.2730263157894737 0.7146381578947368 0.010964912280701754 0.009868421052631578
0 0.2733918128654971 0.6373355263157895 0.009868421052631578 0.00712719298245614
0 0.2741228070175439 0.4791666666666667 0.01206140350877193 0.007675438596491228
0 0.27997076023391815 0.7184758771929824 0.011695906432748537 0.010964912280701754
0 0.2807017543859649 0.6313048245614035 0.011330409356725146 0.010416666666666666
0 0.28289473684210525 0.6145833333333334 0.012792397660818713 0.009868421052631578
0 0.29751461988304095 0.44709429824561403 0.014985380116959063 0.014802631578947368
0 0.3055555555555556 0.6669407894736842 0.011695906432748537 0.010416666666666666
0 0.3172514619883041 0.6677631578947368 0.009137426900584795 0.009868421052631578
0 0.322733918128655 0.5287828947368421 0.021198830409356724 0.012609649122807017
0 0.3263888888888889 0.6570723684210527 0.010599415204678362 0.00932017543859649
0 0.3304093567251462 0.6540570175438597 0.009502923976608187 0.010416666666666666
0 0.34137426900584794 0.5644188596491229 0.0222953216374269 0.01918859649122807
0 0.3435672514619883 0.6614583333333334 0.010964912280701754 0.009046052631578948
0 0.34904970760233917 0.5540021929824561 0.023026315789473683 0.016721491228070175
0 0.3512426900584795 0.6589912280701754 0.010599415204678362 0.009594298245614035
0 0.3527046783625731 0.5460526315789473 0.023026315789473683 0.01781798245614035
0 0.35635964912280704 0.6641995614035088 0.012426900584795321 0.010142543859649123
0 0.3709795321637427 0.17406798245614036 0.01864035087719298 0.017269736842105265
0 0.375 0.13651315789473684 0.011695906432748537 0.010964912280701754
0 0.38048245614035087 0.5805921052631579 0.008771929824561403 0.007675438596491228
0 0.3815789473684211 0.6444627192982456 0.010964912280701754 0.007675438596491228
0 0.3819444444444444 0.26069078947368424 0.007309941520467836 0.006030701754385965
0 0.3830409356725146 0.6677631578947368 0.009502923976608187 0.007675438596491228
0 0.385233918128655 0.4407894736842105 0.021929824561403508 0.023026315789473683
0 0.38669590643274854 0.637609649122807 0.009868421052631578 0.008771929824561403
0 0.3888888888888889 0.6694078947368421 0.009502923976608187 0.007949561403508772
0 0.38998538011695905 0.18667763157894737 0.019371345029239765 0.01699561403508772
0 0.39985380116959063 0.5074013157894737 0.012426900584795321 0.010416666666666666
0 0.40350877192982454 0.13404605263157895 0.017909356725146198 0.015076754385964912
0 0.40387426900584794 0.7458881578947368 0.00804093567251462 0.006304824561403508
0 0.40423976608187134 0.45586622807017546 0.027046783625730993 0.011513157894736841
0 0.4057017543859649 0.4438048245614035 0.03033625730994152 0.02275219298245614
0 0.41118421052631576 0.7431469298245614 0.008406432748538011 0.006304824561403508
0 0.420687134502924 0.815515350877193 0.01023391812865497 0.00932017543859649
0 0.42872807017543857 0.7837171052631579 0.009868421052631578 0.010964912280701754
0 0.4301900584795322 0.5189144736842105 0.01644736842105263 0.012883771929824562
0 0.4331140350877193 0.7996162280701754 0.007309941520467836 0.008223684210526315
0 0.43640350877192985 0.7867324561403509 0.008406432748538011 0.006853070175438596
0 0.4418859649122807 0.5885416666666666 0.0062134502923976605 0.005482456140350877
0 0.4586988304093567 0.21765350877192982 0.017543859649122806 0.015350877192982455
0 0.4820906432748538 0.44106359649122806 0.023391812865497075 0.019736842105263157
0 0.49817251461988304 0.17735745614035087 0.01644736842105263 0.015625
0 0.4992690058479532 0.2505482456140351 0.02046783625730994 0.01617324561403509
0 0.5036549707602339 0.3607456140350877 0.011695906432748537 0.012609649122807017
0 0.5358187134502924 0.45394736842105265 0.02412280701754386 0.019462719298245616
0 0.5380116959064327 0.5877192982456141 0.00804093567251462 0.006853070175438596
0 0.5394736842105263 0.23547149122807018 0.005116959064327485 0.004111842105263158
0 0.5409356725146199 0.5948464912280702 0.008771929824561403 0.00712719298245614
0 0.5650584795321637 0.48026315789473684 0.025219298245614034 0.020285087719298246
0 0.5657894736842105 0.7042214912280702 0.01023391812865497 0.009868421052631578
0 0.5694444444444444 0.7129934210526315 0.009502923976608187 0.00932017543859649
0 0.5701754385964912 0.11211622807017543 0.017178362573099414 0.01836622807017544
0 0.5800438596491229 0.7247807017543859 0.010599415204678362 0.009594298245614035
0 0.5804093567251462 0.6417214912280702 0.008771929824561403 0.008771929824561403
0 0.5826023391812866 0.2362938596491228 0.01827485380116959 0.014528508771929825
0 0.5833333333333334 0.26644736842105265 0.009137426900584795 0.006853070175438596
0 0.5844298245614035 0.5770285087719298 0.017543859649122806 0.014802631578947368
0 0.5844298245614035 0.684484649122807 0.009502923976608187 0.007949561403508772
0 0.5866228070175439 0.6036184210526315 0.006578947368421052 0.004660087719298245
0 0.5873538011695907 0.09978070175438597 0.01644736842105263 0.017543859649122806
0 0.5880847953216374 0.7209429824561403 0.011330409356725146 0.00932017543859649
0 0.5953947368421053 0.9794407894736842 0.013157894736842105 0.011239035087719298
0 0.597953216374269 0.5685307017543859 0.008771929824561403 0.007401315789473684
0 0.6008771929824561 0.6211622807017544 0.007675438596491228 0.006578947368421052
0 0.6023391812865497 0.6644736842105263 0.009502923976608187 0.008223684210526315
0 0.6118421052631579 0.6400767543859649 0.009137426900584795 0.006853070175438596
0 0.6122076023391813 0.6304824561403509 0.009137426900584795 0.007401315789473684
0 0.6213450292397661 0.8105811403508771 0.005116959064327485 0.004934210526315789
0 0.6341374269005848 0.19024122807017543 0.013523391812865496 0.011787280701754386
0 0.6355994152046783 0.8983004385964912 0.005482456140350877 0.005208333333333333
0 0.6359649122807017 0.16913377192982457 0.012426900584795321 0.01206140350877193
0 0.6476608187134503 0.49972587719298245 0.014619883040935672 0.00932017543859649
0 0.6480263157894737 0.8961074561403509 0.007309941520467836 0.004660087719298245
0 0.6535087719298246 0.5375548245614035 0.009137426900584795 0.00849780701754386
0 0.6608187134502924 0.515625 0.009137426900584795 0.009046052631578948
0 0.6611842105263158 0.14172149122807018 0.017178362573099414 0.016721491228070175
0 0.6684941520467836 0.07319078947368421 0.011330409356725146 0.01617324561403509
0 0.6706871345029239 0.22094298245614036 0.012792397660818713 0.011513157894736841
0 0.6736111111111112 0.37198464912280704 0.010599415204678362 0.006030701754385965
0 0.6736111111111112 0.928453947368421 0.009868421052631578 0.009868421052631578
0 0.6750730994152047 0.9084429824561403 0.005482456140350877 0.005482456140350877
0 0.679093567251462 0.2911184210526316 0.016812865497076022 0.013706140350877192
0 0.679093567251462 0.5430372807017544 0.009137426900584795 0.008223684210526315
0 0.6860380116959064 0.14912280701754385 0.014985380116959063 0.011787280701754386
0 0.6860380116959064 0.953125 0.005847953216374269 0.005208333333333333
0 0.6937134502923976 0.2974232456140351 0.017178362573099414 0.01425438596491228
0 0.6962719298245614 0.17982456140350878 0.011330409356725146 0.00932017543859649
0 0.6991959064327485 0.3813048245614035 0.014985380116959063 0.013980263157894737
0 0.7028508771929824 0.10334429824561403 0.012792397660818713 0.00932017543859649
0 0.7065058479532164 0.8294956140350878 0.005847953216374269 0.006030701754385965
0 0.7105263157894737 0.3697916666666667 0.017543859649122806 0.012335526315789474
0 0.7361111111111112 0.9775219298245614 0.005116959064327485 0.004111842105263158
0 0.7383040935672515 0.6011513157894737 0.019736842105263157 0.01781798245614035
0 0.7521929824561403 0.6025219298245614 0.019371345029239765 0.014528508771929825
0 0.7525584795321637 0.878015350877193 0.007675438596491228 0.006853070175438596
0 0.77046783625731 0.9945175438596491 0.0043859649122807015 0.0043859649122807015
0 0.7719298245614035 0.6348684210526315 0.008406432748538011 0.005756578947368421
0 0.7741228070175439 0.6367872807017544 0.010964912280701754 0.0043859649122807015
0 0.7748538011695907 0.27439692982456143 0.019736842105263157 0.015899122807017545
0 0.7752192982456141 0.9207785087719298 0.005116959064327485 0.004111842105263158
0 0.7967836257309941 0.9495614035087719 0.006578947368421052 0.006030701754385965
0 0.797514619883041 0.9830043859649122 0.005847953216374269 0.005208333333333333
0 0.8004385964912281 0.9679276315789473 0.006578947368421052 0.006578947368421052
0 0.8004385964912281 0.9953399122807017 0.005116959064327485 0.005482456140350877
0 0.8095760233918129 0.5830592105263158 0.007309941520467836 0.005756578947368421
0 0.8132309941520468 0.9676535087719298 0.0062134502923976605 0.005208333333333333
0 0.8205409356725146 0.850328947368421 0.00804093567251462 0.006853070175438596
0 0.820906432748538 0.9158442982456141 0.008406432748538011 0.006304824561403508
0 0.8300438596491229 0.9890350877192983 0.006578947368421052 0.00712719298245614
0 0.8322368421052632 0.805921052631579 0.00804093567251462 0.006030701754385965
0 0.8336988304093568 0.8031798245614035 0.008771929824561403 0.006853070175438596
0 0.8424707602339181 0.8399122807017544 0.006578947368421052 0.006578947368421052
0 0.8446637426900585 0.4819078947368421 0.01206140350877193 0.00849780701754386
0 0.8446637426900585 0.9906798245614035 0.0062134502923976605 0.005208333333333333
0 0.8523391812865497 0.959703947368421 0.005116959064327485 0.004934210526315789
0 0.8530701754385965 0.4961622807017544 0.013157894736842105 0.010142543859649123
0 0.8559941520467836 0.8429276315789473 0.009868421052631578 0.005482456140350877
0 0.8676900584795322 0.9407894736842105 0.005482456140350877 0.0043859649122807015
0 0.8698830409356725 0.9725877192982456 0.004751461988304093 0.00356359649122807
0 0.8746345029239766 0.7927631578947368 0.008406432748538011 0.009046052631578948
0 0.8757309941520468 0.7368421052631579 0.008406432748538011 0.005482456140350877
0 0.876827485380117 0.7801535087719298 0.00804093567251462 0.006030701754385965
0 0.8775584795321637 0.3807565789473684 0.017909356725146198 0.012335526315789474
0 0.8782894736842105 0.34676535087719296 0.010599415204678362 0.009046052631578948
0 0.8801169590643275 0.47286184210526316 0.014619883040935672 0.009594298245614035
0 0.8848684210526315 0.9199561403508771 0.007309941520467836 0.006578947368421052
0 0.889985380116959 0.887609649122807 0.007309941520467836 0.006304824561403508
0 0.8925438596491229 0.9180372807017544 0.008771929824561403 0.007401315789473684
0 0.89546783625731 0.965734649122807 0.0062134502923976605 0.004934210526315789
0 0.8998538011695907 0.9281798245614035 0.005482456140350877 0.005482456140350877
0 0.9016812865497076 0.8662280701754386 0.00804093567251462 0.006853070175438596
0 0.9027777777777778 0.4155701754385965 0.014985380116959063 0.011239035087719298
0 0.9075292397660819 0.9890350877192983 0.003654970760233918 0.004111842105263158
0 0.9122807017543859 0.7094298245614035 0.014619883040935672 0.01206140350877193
0 0.9137426900584795 0.9890350877192983 0.005847953216374269 0.005482456140350877
0 0.9166666666666666 0.7110745614035088 0.011330409356725146 0.009594298245614035
0 0.9269005847953217 0.7272478070175439 0.013523391812865496 0.010416666666666666
0 0.9276315789473685 0.9720394736842105 0.008406432748538011 0.007675438596491228
0 0.9320175438596491 0.9780701754385965 0.008771929824561403 0.008223684210526315
0 0.935672514619883 0.5608552631578947 0.011695906432748537 0.007949561403508772
0 0.9382309941520468 0.7645285087719298 0.007309941520467836 0.005756578947368421
0 0.9382309941520468 0.9714912280701754 0.006944444444444444 0.005482456140350877
0 0.9612573099415205 0.8854166666666666 0.005116959064327485 0.004660087719298245
0 0.9656432748538012 0.17543859649122806 0.010964912280701754 0.01343201754385965
0 0.9656432748538012 0.5323464912280702 0.00804093567251462 0.006030701754385965
0 0.9671052631578947 0.8873355263157895 0.003654970760233918 0.004111842105263158
0 0.9689327485380117 0.5422149122807017 0.00804093567251462 0.006578947368421052
0 0.9700292397660819 0.8873355263157895 0.003654970760233918 0.00356359649122807
0 0.9751461988304093 0.9131030701754386 0.0043859649122807015 0.004111842105263158
0 0.9762426900584795 0.8341557017543859 0.006578947368421052 0.0043859649122807015
0 0.9769736842105263 0.8977521929824561 0.009502923976608187 0.008223684210526315
0 0.9788011695906432 0.9775219298245614 0.006578947368421052 0.005482456140350877
0 0.97953216374269 0.8489583333333334 0.007309941520467836 0.006030701754385965
0 0.9806286549707602 0.5424890350877193 0.00804093567251462 0.005756578947368421
0 0.9806286549707602 0.9654605263157895 0.00402046783625731 0.003289473684210526
0 0.9828216374269005 0.5466008771929824 0.009137426900584797 0.006853070175438596
0 0.9842836257309941 0.9651864035087719 0.0043859649122807015 0.00356359649122807
0 0.9872076023391813 0.9690241228070176 0.0062134502923976605 0.005208333333333333
0 0.9875730994152047 0.37006578947368424 0.005847953216374269 0.00712719298245614
0 0.9890350877192983 0.5564692982456141 0.009868421052631578 0.006578947368421052
0 0.9912280701754386 0.887609649122807 0.007309941520467836 0.006578947368421052
0 0.991593567251462 0.6968201754385965 0.005847953216374269 0.003289473684210526
0 0.9926900584795322 0.14720394736842105 0.01425438596491228 0.01069078947368421
0 0.9930555555555556 0.8286732456140351 0.0062134502923976605 0.0043859649122807015
0 0.9941520467836257 0.740953947368421 0.010964912280701754 0.010416666666666666
