0 0.004751461988304093 0.43530701754385964 0.007675438596491228 0.006030701754385965
0 0.005116959064327485 0.618421052631579 0.006578947368421052 0.00356359649122807
0 0.01608187134502924 0.6356907894736842 0.006944444444444444 0.005756578947368421
0 0.020833333333333332 0.6518640350877193 0.006578947368421052 0.004660087719298245
0 0.023026315789473683 0.6362390350877193 0.006944444444444444 0.004934210526315789
0 0.024853801169590642 0.44353070175438597 0.007675438596491228 0.004934210526315789
0 0.07090643274853801 0.4095394736842105 0.008406432748538011 0.005756578947368421
0 0.07419590643274854 0.6233552631578947 0.0043859649122807015 0.0030153508771929823
0 0.07602339181286549 0.4761513157894737 0.005116959064327485 0.004934210526315789
0 0.07748538011695906 0.4243421052631579 0.007675438596491228 0.005756578947368421
0 0.08260233918128655 0.4224232456140351 0.006944444444444444 0.005208333333333333
0 0.0851608187134503 0.47834429824561403 0.008406432748538011 0.007949561403508772
0 0.09978070175438597 0.40652412280701755 0.006578947368421052 0.006030701754385965
0 0.10051169590643275 0.5021929824561403 0.006578947368421052 0.005208333333333333
0 0.10343567251461988 0.96875 0.013157894736842105 0.013157894736842105
0 0.10380116959064327 0.7398574561403509 0.014619883040935672 0.011239035087719298
0 0.10599415204678363 0.5049342105263158 0.008406432748538011 0.005756578947368421
0 0.11147660818713451 0.8097587719298246 0.009868421052631578 0.008223684210526315
0 0.11330409356725146 0.7335526315789473 0.012426900584795321 0.01069078947368421
0 0.11878654970760234 0.6362390350877193 0.01425438596491228 0.011239035087719298
0 0.12280701754385964 0.6483004385964912 0.013888888888888888 0.009594298245614035
0 0.12426900584795321 0.8793859649122807 0.01206140350877193 0.01069078947368421
0 0.1253654970760234 0.8089364035087719 0.01023391812865497 0.009046052631578948
0 0.13084795321637427 0.7604166666666666 0.010599415204678362 0.007949561403508772
0 0.14437134502923976 0.8007127192982456 0.009502923976608187 0.006304824561403508
0 0.14656432748538012 0.8226425438596491 0.010964912280701754 0.00849780701754386
0 0.1509502923976608 0.8390899122807017 0.01023391812865497 0.00849780701754386
0 0.15204678362573099 0.7077850877192983 0.006578947368421052 0.009594298245614035
0 0.15387426900584794 0.8686951754385965 0.013523391812865496 0.010142543859649123
0 0.1560672514619883 0.4777960526315789 0.00804093567251462 0.006030701754385965
0 0.15899122807017543 0.7985197368421053 0.009868421052631578 0.00849780701754386
0 0.1615497076023392 0.4758771929824561 0.006944444444444444 0.004660087719298245
0 0.1699561403508772 0.7976973684210527 0.007675438596491228 0.004934210526315789
0 0.1875 0.6959978070175439 0.011330409356725146 0.010142543859649123
0 0.18969298245614036 0.6726973684210527 0.013523391812865496 0.00849780701754386
0 0.19078947368421054 0.5756578947368421 0.0062134502923976605 0.004934210526315789
0 0.1922514619883041 0.8484100877192983 0.008771929824561403 0.00712719298245614
0 0.19480994152046785 0.8848684210526315 0.010599415204678362 0.009868421052631578
0 0.1966374269005848 0.9166666666666666 0.010964912280701754 0.010964912280701754
0 0.19773391812865498 0.5819627192982456 0.006578947368421052 0.005756578947368421
0 0.20065789473684212 0.9057017543859649 0.008771929824561403 0.007401315789473684
0 0.20358187134502925 0.6746162280701754 0.013523391812865496 0.009594298245614035
0 0.20796783625730994 0.9141995614035088 0.008771929824561403 0.009868421052631578
0 0.2101608187134503 0.596765350877193 0.00804093567251462 0.006304824561403508
0 0.21929824561403508 0.8706140350877193 0.012792397660818713 0.00712719298245614
0 0.2328216374269006 0.5707236842105263 0.01425438596491228 0.011239035087719298
0 0.25621345029239767 0.8273026315789473 0.010964912280701754 0.007675438596491228
0 0.2591374269005848 0.6192434210526315 0.014985380116959063 0.007949561403508772
0 0.2598684210526316 0.7025767543859649 0.011330409356725146 0.010142543859649123
0 0.26169590643274854 0.6932565789473685 0.015350877192982455 0.009594298245614035
0 0.26206140350877194 0.3684210526315789 0.006578947368421052 0.005756578947368421
0 0.2638888888888889 0.9048793859649122 0.01425438596491228 0.012609649122807017
0 0.2675438596491228 0.7576754385964912 0.014985380116959063 0.008771929824561403
0 0.2744883040935672 0.6858552631578947 0.013888888888888888 0.009868421052631578
0 0.2774122807017544 0.7384868421052632 0.015350877192982455 0.011513157894736841
0 0.27887426900584794 0.19764254385964913 0.003654970760233918 0.00356359649122807
0 0.2807017543859649 0.7275219298245614 0.010599415204678362 0.009594298245614035
0 0.2810672514619883 0.819078947368421 0.011330409356725146 0.007675438596491228
0 0.28399122807017546 0.3007127192982456 0.007675438596491228 0.006578947368421052
0 0.2847222222222222 0.7390350877192983 0.00804093567251462 0.011239035087719298
0 0.28728070175438597 0.8196271929824561 0.007675438596491228 0.008771929824561403
0 0.28983918128654973 0.731359649122807 0.012426900584795321 0.01069078947368421
0 0.2942251461988304 0.5918311403508771 0.010964912280701754 0.010142543859649123
0 0.295687134502924 0.6669407894736842 0.01425438596491228 0.011513157894736841
0 0.30080409356725146 0.2949561403508772 0.005847953216374269 0.005756578947368421
0 0.3044590643274854 0.715734649122807 0.015716374269005847 0.010416666666666666
0 0.30957602339181284 0.6724232456140351 0.007309941520467836 0.005482456140350877
0 0.3121345029239766 0.9213267543859649 0.017178362573099414 0.012883771929824562
0 0.31359649122807015 0.6332236842105263 0.009137426900584795 0.010964912280701754
0 0.31396198830409355 0.6510416666666666 0.010964912280701754 0.009868421052631578
0 0.31542397660818716 0.38459429824561403 0.005847953216374269 0.004660087719298245
0 0.31542397660818716 0.38898026315789475 0.0062134502923976605 0.006030701754385965
0 0.3165204678362573 0.7091557017543859 0.008406432748538011 0.007949561403508772
0 0.31761695906432746 0.928453947368421 0.01206140350877193 0.010142543859649123
0 0.31798245614035087 0.5016447368421053 0.011330409356725146 0.007949561403508772
0 0.32456140350877194 0.3744517543859649 0.007675438596491228 0.005756578947368421
0 0.3260233918128655 0.6938048245614035 0.008771929824561403 0.00932017543859649
0 0.32785087719298245 0.19216008771929824 0.0043859649122807015 0.003837719298245614
0 0.33260233918128657 0.22779605263157895 0.005482456140350877 0.003837719298245614
0 0.33296783625730997 0.3829495614035088 0.008406432748538011 0.005756578947368421
0 0.35891812865497075 0.7006578947368421 0.011330409356725146 0.010142543859649123
0 0.36001461988304095 0.35718201754385964 0.006944444444444444 0.005756578947368421
0 0.3603801169590643 0.5370065789473685 0.01023391812865497 0.006030701754385965
0 0.3618421052631579 0.21244517543859648 0.0043859649122807015 0.003289473684210526
0 0.36403508771929827 0.6400767543859649 0.012792397660818713 0.012883771929824562
0 0.364766081871345 0.28207236842105265 0.00804093567251462 0.00712719298245614
0 0.3676900584795322 0.26726973684210525 0.007309941520467836 0.00712719298245614
0 0.3680555555555556 0.5383771929824561 0.008406432748538011 0.00712719298245614
0 0.37317251461988304 0.9347587719298246 0.011695906432748537 0.006853070175438596
0 0.3797514619883041 0.6222587719298246 0.011330409356725146 0.009594298245614035
0 0.3848684210526316 0.484375 0.012426900584795321 0.010416666666666666
0 0.3855994152046784 0.13980263157894737 0.003654970760233918 0.0027412280701754384
0 0.3885233918128655 0.22779605263157895 0.005116959064327485 0.003837719298245614
0 0.40058479532163743 0.8489583333333334 0.01608187134502924 0.019736842105263157
0 0.4060672514619883 0.19764254385964913 0.005482456140350877 0.005482456140350877
0 0.40899122807017546 0.13815789473684212 0.003654970760233918 0.003289473684210526
0 0.4100877192982456 0.12801535087719298 0.003289473684210526 0.00356359649122807
0 0.41118421052631576 0.5441337719298246 0.0062134502923976605 0.004660087719298245
0 0.41228070175438597 0.15323464912280702 0.003289473684210526 0.003289473684210526
0 0.41264619883040937 0.14007675438596492 0.003654970760233918 0.003289473684210526
0 0.41264619883040937 0.15789473684210525 0.004751461988304093 0.0043859649122807015
0 0.4141081871345029 0.3736293859649123 0.006944444444444444 0.004934210526315789
0 0.41483918128654973 0.1367872807017544 0.0043859649122807015 0.003837719298245614
0 0.4155701754385965 0.15405701754385964 0.0043859649122807015 0.0030153508771929823
0 0.4199561403508772 0.3925438596491228 0.009502923976608187 0.006578947368421052
0 0.4203216374269006 0.3717105263157895 0.005482456140350877 0.0043859649122807015
0 0.4236111111111111 0.15350877192982457 0.00402046783625731 0.00356359649122807
0 0.42543859649122806 0.6337719298245614 0.008771929824561403 0.006853070175438596
0 0.4283625730994152 0.3730811403508772 0.006578947368421052 0.004934210526315789
0 0.4334795321637427 0.993421052631579 0.025584795321637425 0.012609649122807017
0 0.4444444444444444 0.6302083333333334 0.009868421052631578 0.008223684210526315
0 0.44627192982456143 0.17242324561403508 0.00402046783625731 0.00356359649122807
0 0.4473684210526316 0.2878289473684211 0.00804093567251462 0.00712719298245614
0 0.4550438596491228 0.2886513157894737 0.005847953216374269 0.00712719298245614
0 0.4590643274853801 0.34868421052631576 0.006944444444444444 0.005756578947368421
0 0.4619883040935672 0.34457236842105265 0.007309941520467836 0.004660087719298245
0 0.4718567251461988 0.8747258771929824 0.01644736842105263 0.01069078947368421
0 0.48135964912280704 0.18229166666666666 0.00402046783625731 0.003837719298245614
0 0.48428362573099415 0.7779605263157895 0.012792397660818713 0.013157894736842105
0 0.4904970760233918 0.4262609649122807 0.009137426900584795 0.009594298245614035
0 0.4926900584795322 0.5068530701754386 0.007675438596491228 0.006304824561403508
0 0.49488304093567254 0.659265350877193 0.01206140350877193 0.00849780701754386
0 0.5054824561403509 0.5095942982456141 0.01023391812865497 0.006578947368421052
0 0.5054824561403509 0.546875 0.008771929824561403 0.006853070175438596
0 0.508406432748538 0.8220942982456141 0.01644736842105263 0.013706140350877192
0 0.5153508771929824 0.546875 0.007309941520467836 0.005756578947368421
0 0.5171783625730995 0.3138706140350877 0.008771929824561403 0.00932017543859649
0 0.5175438596491229 0.32593201754385964 0.008771929824561403 0.006030701754385965
0 0.5182748538011696 0.3333333333333333 0.009502923976608187 0.00849780701754386
0 0.527046783625731 0.39473684210526316 0.0043859649122807015 0.004111842105263158
0 0.5292397660818714 0.15734649122807018 0.008406432748538011 0.007949561403508772
0 0.5296052631578947 0.3262061403508772 0.008771929824561403 0.008223684210526315
0 0.5325292397660819 0.7508223684210527 0.01608187134502924 0.011513157894736841
0 0.5358187134502924 0.3204495614035088 0.008406432748538011 0.006578947368421052
0 0.5376461988304093 0.3267543859649123 0.008771929824561403 0.006304824561403508
0 0.5464181286549707 0.6485745614035088 0.016812865497076022 0.01206140350877193
0 0.5504385964912281 0.4901315789473684 0.012426900584795321 0.01206140350877193
0 0.5522660818713451 0.34868421052631576 0.007309941520467836 0.005756578947368421
0 0.5551900584795322 0.6387061403508771 0.014619883040935672 0.011513157894736841
0 0.5570175438596491 0.3218201754385965 0.008771929824561403 0.008771929824561403
0 0.5584795321637427 0.3462171052631579 0.007309941520467836 0.005208333333333333
0 0.560672514619883 0.5046600877192983 0.006944444444444444 0.00712719298245614
0 0.5639619883040936 0.31277412280701755 0.009137426900584795 0.005756578947368421
0 0.5639619883040936 0.5921052631578947 0.015350877192982455 0.011239035087719298
0 0.564327485380117 0.9536732456140351 0.02850877192982456 0.021929824561403508
0 0.5668859649122807 0.5071271929824561 0.007309941520467836 0.00712719298245614
0 0.5701754385964912 0.3111293859649123 0.008406432748538011 0.007675438596491228
0 0.5705409356725146 0.4906798245614035 0.005847953216374269 0.005756578947368421
0 0.5738304093567251 0.24232456140350878 0.008406432748538011 0.00849780701754386
0 0.5815058479532164 0.6885964912280702 0.012792397660818713 0.011513157894736841
0 0.5858918128654971 0.6137609649122807 0.013888888888888888 0.012609649122807017
0 0.5924707602339181 0.3196271929824561 0.008406432748538011 0.005756578947368421
0 0.6103801169590644 0.6104714912280702 0.010964912280701754 0.009594298245614035
0 0.616593567251462 0.6362390350877193 0.011695906432748537 0.01069078947368421
0 0.6235380116959064 0.4185855263157895 0.009137426900584795 0.008771929824561403
0 0.6282894736842105 0.43475877192982454 0.008406432748538011 0.00932017543859649
0 0.6297514619883041 0.7160087719298246 0.014985380116959063 0.012883771929824562
0 0.6319444444444444 0.4174890350877193 0.009137426900584795 0.007675438596491228
0 0.6542397660818714 0.8256578947368421 0.027046783625730993 0.019462719298245616
0 0.6578947368421053 0.09950657894736842 0.009868421052631578 0.00932017543859649
0 0.6633771929824561 0.48163377192982454 0.012792397660818713 0.009868421052631578
0 0.6794590643274854 0.15542763157894737 0.011330409356725146 0.010416666666666666
0 0.6794590643274854 0.49643640350877194 0.011330409356725146 0.00932017543859649
0 0.6820175438596491 0.6603618421052632 0.009137426900584795 0.007675438596491228
0 0.6827485380116959 0.8618421052631579 0.027412280701754384 0.021107456140350877
0 0.6834795321637427 0.7576754385964912 0.01206140350877193 0.010964912280701754
0 0.6900584795321637 0.26836622807017546 0.00804093567251462 0.006853070175438596
0 0.6962719298245614 0.6439144736842105 0.01425438596491228 0.012335526315789474
0 0.6977339181286549 0.3503289473684211 0.009502923976608187 0.006578947368421052
0 0.6977339181286549 0.9470942982456141 0.015716374269005847 0.012335526315789474
0 0.7017543859649122 0.38377192982456143 0.006578947368421052 0.005208333333333333
0 0.7101608187134503 0.8733552631578947 0.02412280701754386 0.01644736842105263
0 0.7240497076023392 0.5605811403508771 0.008771929824561403 0.00932017543859649
0 0.7258771929824561 0.19078947368421054 0.006944444444444444 0.00712719298245614
0 0.7288011695906432 0.8656798245614035 0.025219298245614034 0.023848684210526317
0 0.7317251461988304 0.46408991228070173 0.014619883040935672 0.009594298245614035
0 0.7331871345029239 0.5592105263157895 0.011330409356725146 0.008771929824561403
0 0.7408625730994152 0.20942982456140352 0.009868421052631578 0.009868421052631578
0 0.7456140350877193 0.6447368421052632 0.01206140350877193 0.01069078947368421
0 0.748172514619883 0.8092105263157895 0.017178362573099414 0.01781798245614035
0 0.7532894736842105 0.7856359649122807 0.017543859649122806 0.023300438596491228
0 0.7616959064327485 0.2870065789473684 0.00804093567251462 0.006853070175438596
0 0.7627923976608187 0.5307017543859649 0.01425438596491228 0.011787280701754386
0 0.7638888888888888 0.5745614035087719 0.009137426900584795 0.008223684210526315
0 0.7682748538011696 0.5394736842105263 0.006944444444444444 0.00712719298245614
0 0.7693713450292398 0.8067434210526315 0.015716374269005847 0.01425438596491228
0 0.7715643274853801 0.2850877192982456 0.008406432748538011 0.007401315789473684
0 0.7807017543859649 0.45010964912280704 0.005116959064327485 0.008223684210526315
0 0.785453216374269 0.912828947368421 0.01608187134502924 0.012609649122807017
0 0.7931286549707602 0.45531798245614036 0.007675438596491228 0.009046052631578948
0 0.8125 0.4643640350877193 0.011330409356725146 0.005482456140350877
0 0.8212719298245614 0.4706688596491228 0.01023391812865497 0.006304824561403508
0 0.8234649122807017 0.753015350877193 0.008771929824561403 0.006304824561403508
0 0.827485380116959 0.22313596491228072 0.009137426900584795 0.009046052631578948
0 0.8289473684210527 0.34923245614035087 0.008406432748538011 0.008771929824561403
0 0.8358918128654971 0.3832236842105263 0.008771929824561403 0.00849780701754386
0 0.8388157894736842 0.9037828947368421 0.011330409356725146 0.010964912280701754
0 0.8505116959064327 0.22697368421052633 0.011330409356725146 0.008223684210526315
0 0.8541666666666666 0.3673245614035088 0.008406432748538011 0.007675438596491228
0 0.8541666666666666 0.42269736842105265 0.012426900584795321 0.009594298245614035
0 0.8589181286549707 0.4536732456140351 0.010964912280701754 0.00932017543859649
0 0.8651315789473685 0.4629934210526316 0.010599415204678362 0.00849780701754386
0 0.8841374269005848 0.3744517543859649 0.009868421052631578 0.010142543859649123
0 0.8870614035087719 0.921875 0.006944444444444444 0.011513157894736841
0 0.8874269005847953 0.9512061403508771 0.015350877192982455 0.012335526315789474
0 0.8877923976608187 0.4237938596491228 0.01023391812865497 0.007401315789473684
0 0.8910818713450293 0.40515350877192985 0.008771929824561403 0.007675438596491228
0 0.902046783625731 0.8396381578947368 0.017543859649122806 0.015076754385964912
0 0.9071637426900585 0.8807565789473685 0.017909356725146198 0.013706140350877192
0 0.9108187134502924 0.7949561403508771 0.019736842105263157 0.016721491228070175
0 0.9133771929824561 0.8706140350877193 0.013888888888888888 0.011787280701754386
0 0.9152046783625731 0.5583881578947368 0.011695906432748537 0.006578947368421052
0 0.9155701754385965 0.4257127192982456 0.008406432748538011 0.005482456140350877
0 0.9163011695906432 0.6129385964912281 0.008771929824561403 0.009046052631578948
0 0.918859649122807 0.5693530701754386 0.017178362573099414 0.010964912280701754
0 0.9269005847953217 0.7949561403508771 0.014985380116959063 0.011513157894736841
0 0.9378654970760234 0.819078947368421 0.017543859649122806 0.013706140350877192
0 0.9385964912280702 0.5189144736842105 0.013888888888888888 0.010416666666666666
0 0.9568713450292398 0.5992324561403509 0.015350877192982455 0.008223684210526315
0 0.9652777777777778 0.9791666666666666 0.012426900584795321 0.00849780701754386
0 0.9707602339181286 0.15213815789473684 0.005482456140350877 0.004660087719298245
0 0.9930555555555556 0.9816337719298246 0.01206140350877193 0.01069078947368421
0 0.9967105263157895 0.1493969298245614 0.005482456140350877 0.004934210526315789
