0 0.013157894736842105 0.6392543859649122 0.014619883040935672 0.015899122807017545
0 0.05043859649122807 0.5989583333333334 0.03435672514619883 0.026589912280701754
0 0.14875730994152048 0.6633771929824561 0.015350877192982455 0.015350877192982455
0 0.27521929824561403 0.19517543859649122 0.04312865497076023 0.03919956140350877
0 0.27850877192982454 0.048793859649122806 0.016812865497076022 0.01069078947368421
0 0.28654970760233917 0.6647478070175439 0.027777777777777776 0.024671052631578948
0 0.29714912280701755 0.0868969298245614 0.014985380116959063 0.014802631578947368
0 0.31505847953216376 0.8275767543859649 0.0266812865497076 0.025767543859649123
0 0.3651315789473684 0.6052631578947368 0.024853801169590642 0.01699561403508772
0 0.3881578947368421 0.27960526315789475 0.03435672514619883 0.028782894736842105
0 0.41118421052631576 0.8708881578947368 0.025584795321637425 0.029331140350877194
0 0.4583333333333333 0.23903508771929824 0.02412280701754386 0.024396929824561403
0 0.5102339181286549 0.40268640350877194 0.027046783625730993 0.03837719298245614
0 0.5942982456140351 0.2807017543859649 0.02412280701754386 0.017269736842105265
0 0.6056286549707602 0.11458333333333333 0.024853801169590642 0.02412280701754386
0 0.6118421052631579 0.16776315789473684 0.023391812865497075 0.015076754385964912
0 0.6220760233918129 0.25466008771929827 0.01827485380116959 0.01781798245614035
0 0.6980994152046783 0.2924890350877193 0.04532163742690058 0.03481359649122807
0 0.7207602339181286 0.3262061403508772 0.03728070175438596 0.036458333333333336
0 0.7394005847953217 0.8201754385964912 0.02412280701754386 0.020285087719298246
0 0.741593567251462 0.29906798245614036 0.019736842105263157 0.017543859649122806
0 0.743421052631579 0.016721491228070175 0.02266081871345029 0.019462719298245616
0 0.7547514619883041 0.3412828947368421 0.021198830409356724 0.02138157894736842
0 0.8179824561403509 0.45148026315789475 0.027046783625730993 0.025219298245614034
0 0.8362573099415205 0.35964912280701755 0.016812865497076022 0.015625
0 0.8589181286549707 0.9073464912280702 0.023391812865497075 0.021655701754385966
0 0.8771929824561403 0.865953947368421 0.00804093567251462 0.009594298245614035
0 0.8782894736842105 0.9202302631578947 0.020833333333333332 0.02055921052631579
0 0.930921052631579 0.46326754385964913 0.020833333333333332 0.014802631578947368
0 0.9853801169590644 0.4309210526315789 0.02850877192982456 0.03453947368421053
