0 0.03481359649122807 0.17324561403508773 0.011513157894736841 0.017543859649122806
0 0.06469298245614036 0.3230994152046784 0.009594298245614035 0.013157894736842105
0 0.0756578947368421 0.0625 0.009594298245614035 0.012426900584795321
0 0.1825657894736842 0.03508771929824561 0.010964912280701754 0.016812865497076022
0 0.18832236842105263 0.06469298245614036 0.006030701754385965 0.008406432748538011
0 0.23190789473684212 0.24561403508771928 0.010964912280701754 0.016812865497076022
0 0.4018640350877193 0.9948830409356725 0.010964912280701754 0.009502923976608187
0 0.40350877192982454 0.9733187134502924 0.012609649122807017 0.018274853801169593
0 0.5611293859649122 0.6882309941520468 0.007949561403508772 0.011695906432748537
0 0.6211622807017544 0.15935672514619884 0.006304824561403508 0.012426900584795321
0 0.6751644736842105 0.34100877192982454 0.006304824561403508 0.009502923976608187
0 0.7066885964912281 0.680921052631579 0.006304824561403508 0.007309941520467836
0 0.7680921052631579 0.09466374269005848 0.005208333333333333 0.008771929824561403
0 0.8061951754385965 0.29714912280701755 0.008771929824561403 0.010599415204678362
0 0.8506030701754386 0.089546783625731 0.006578947368421052 0.00804093567251462
0 0.8569078947368421 0.45723684210526316 0.0043859649122807015 0.007309941520467836
0 0.8930921052631579 0.2605994152046784 0.00849780701754386 0.01023391812865497
0 0.9243421052631579 0.22916666666666666 0.007401315789473684 0.00804093567251462
