0 0.2749451754385965 0.633406432748538 0.010142543859649123 0.013888888888888888
0 0.2817982456140351 0.6403508771929824 0.010416666666666666 0.01608187134502924
0 0.3432017543859649 0.37646198830409355 0.007401315789473684 0.010964912280701754
0 0.3451206140350877 0.3845029239766082 0.007401315789473684 0.01023391812865497
0 0.35334429824561403 0.9513888888888888 0.005208333333333333 0.013157894736842105
0 0.35581140350877194 0.9024122807017544 0.010142543859649123 0.019736842105263157
0 0.36293859649122806 0.9283625730994152 0.008771929824561403 0.013888888888888888
0 0.3673245614035088 0.5595760233918129 0.00849780701754386 0.014619883040935672
0 0.3673245614035088 0.9203216374269005 0.012335526315789474 0.019736842105263157
0 0.3686951754385965 0.8987573099415205 0.011787280701754386 0.02046783625730994
0 0.36951754385964913 0.8793859649122807 0.009046052631578948 0.019736842105263157
0 0.37198464912280704 0.6187865497076024 0.01069078947368421 0.013888888888888888
0 0.3730811403508772 0.9100877192982456 0.008223684210526315 0.012426900584795321
0 0.37390350877192985 0.8775584795321637 0.007675438596491228 0.02266081871345029
0 0.37966008771929827 0.8340643274853801 0.01617324561403509 0.01864035087719298
0 0.38569078947368424 0.8998538011695907 0.011787280701754386 0.023391812865497075
0 0.3862390350877193 0.856359649122807 0.012335526315789474 0.016812865497076022
0 0.3873355263157895 0.9462719298245614 0.011513157894736841 0.021929824561403508
0 0.39281798245614036 0.8742690058479532 0.011787280701754386 0.021929824561403508
0 0.39336622807017546 0.9009502923976608 0.00712719298245614 0.014619883040935672
0 0.3944627192982456 0.9152046783625731 0.006030701754385965 0.01023391812865497
0 0.3977521929824561 0.8150584795321637 0.011787280701754386 0.019371345029239765
0 0.39939692982456143 0.9005847953216374 0.008771929824561403 0.017543859649122806
0 0.39939692982456143 0.9144736842105263 0.007949561403508772 0.01023391812865497
0 0.3996710526315789 0.8585526315789473 0.015350877192982455 0.019005847953216373
0 0.4067982456140351 0.8541666666666666 0.010142543859649123 0.017543859649122806
0 0.4459978070175439 0.8983918128654971 0.006304824561403508 0.010964912280701754
0 0.4487390350877193 0.8680555555555556 0.010416666666666666 0.02046783625730994
0 0.45202850877192985 0.9203216374269005 0.006304824561403508 0.01608187134502924
