0 0.010142543859649123 0.30994152046783624 0.008771929824561403 0.010964912280701754
0 0.012609649122807017 0.3059210526315789 0.008771929824561403 0.013157894736842105
0 0.03892543859649123 0.543859649122807 0.006578947368421052 0.01023391812865497
0 0.04139254385964912 0.5190058479532164 0.00712719298245614 0.009868421052631578
0 0.047697368421052634 0.32127192982456143 0.00932017543859649 0.012426900584795321
0 0.0625 0.07529239766081872 0.0027412280701754384 0.001827485380116959
0 0.06907894736842106 0.09027777777777778 0.001918859649122807 0.0029239766081871343
0 0.0737390350877193 0.08552631578947369 0.0024671052631578946 0.003654970760233918
0 0.0849780701754386 0.09210526315789473 0.003289473684210526 0.00402046783625731
0 0.08607456140350878 0.07894736842105263 0.003289473684210526 0.0029239766081871343
0 0.10169956140350878 0.20358187134502925 0.00712719298245614 0.010964912280701754
0 0.1025219298245614 0.19078947368421054 0.007401315789473684 0.009137426900584795
0 0.18421052631578946 0.21783625730994152 0.006853070175438596 0.01023391812865497
0 0.634046052631579 0.1652046783625731 0.005208333333333333 0.009502923976608187
0 0.7223135964912281 0.7986111111111112 0.006304824561403508 0.010964912280701754
0 0.7242324561403509 0.7960526315789473 0.006578947368421052 0.009868421052631578
