0 0.030975877192982455 0.42105263157894735 0.013706140350877192 0.01608187134502924
0 0.1025219298245614 0.5482456140350878 0.011513157894736841 0.015350877192982455
0 0.13404605263157895 0.8304093567251462 0.010416666666666666 0.015716374269005847
0 0.13706140350877194 0.6597222222222222 0.003837719298245614 0.005847953216374269
0 0.14035087719298245 0.6626461988304093 0.004934210526315789 0.006578947368421052
0 0.18229166666666666 0.37244152046783624 0.007401315789473684 0.010964912280701754
0 0.20230263157894737 0.5091374269005848 0.008223684210526315 0.010964912280701754
0 0.21354166666666666 0.4791666666666667 0.008771929824561403 0.013888888888888888
0 0.22587719298245615 0.7342836257309941 0.004111842105263158 0.005847953216374269
0 0.22861842105263158 0.7255116959064327 0.005482456140350877 0.0062134502923976605
0 0.23355263157894737 0.4828216374269006 0.011787280701754386 0.017543859649122806
0 0.23739035087719298 0.7379385964912281 0.004660087719298245 0.005847953216374269
0 0.28591008771929827 0.12573099415204678 0.00849780701754386 0.013888888888888888
0 0.3081140350877193 0.2894736842105263 0.005208333333333333 0.007309941520467836
0 0.30838815789473684 0.3512426900584795 0.007949561403508772 0.009502923976608187
0 0.3412828947368421 0.48062865497076024 0.005208333333333333 0.006578947368421052
0 0.4906798245614035 0.17690058479532164 0.004934210526315789 0.00804093567251462
0 0.4947916666666667 0.15460526315789475 0.005208333333333333 0.008771929824561403
0 0.5024671052631579 0.6158625730994152 0.005208333333333333 0.007309941520467836
0 0.5353618421052632 0.6864035087719298 0.006578947368421052 0.009502923976608187
0 0.5364583333333334 0.6864035087719298 0.00932017543859649 0.010964912280701754
0 0.543859649122807 0.6922514619883041 0.006030701754385965 0.009502923976608187
0 0.5493421052631579 0.20942982456140352 0.0043859649122807015 0.007309941520467836
0 0.549890350877193 0.569078947368421 0.006578947368421052 0.008406432748538011
0 0.549890350877193 0.5745614035087719 0.006853070175438596 0.008406432748538011
0 0.5660635964912281 0.20029239766081872 0.005208333333333333 0.007309941520467836
0 0.5707236842105263 0.5749269005847953 0.007949561403508772 0.01023391812865497
0 0.571546052631579 0.19334795321637427 0.0043859649122807015 0.006578947368421052
0 0.5838815789473685 0.3402777777777778 0.0027412280701754384 0.0043859649122807015
0 0.5868969298245614 0.19188596491228072 0.006304824561403508 0.009502923976608187
0 0.5932017543859649 0.1703216374269006 0.004111842105263158 0.005847953216374269
0 0.612390350877193 0.4279970760233918 0.006853070175438596 0.008771929824561403
0 0.6132127192982456 0.44005847953216376 0.006853070175438596 0.008771929824561403
0 0.6217105263157895 0.7646198830409356 0.005208333333333333 0.008771929824561403
0 0.6255482456140351 0.7894736842105263 0.006578947368421052 0.01023391812865497
0 0.6499451754385965 0.7372076023391813 0.006030701754385965 0.008771929824561403
0 0.6543311403508771 0.7357456140350878 0.005208333333333333 0.008771929824561403
0 0.7505482456140351 0.31432748538011696 0.0043859649122807015 0.007309941520467836
