0 0.10553728070175439 0.277046783625731 0.006304824561403508 0.00804093567251462
0 0.3659539473684211 0.6151315789473685 0.011513157894736841 0.009137426900584795
0 0.4616228070175439 0.40058479532163743 0.006578947368421052 0.009502923976608187
0 0.47478070175438597 0.3958333333333333 0.00356359649122807 0.003289473684210526
0 0.6713267543859649 0.7288011695906432 0.006853070175438596 0.010599415204678362
0 0.7357456140350878 0.7182017543859649 0.007401315789473684 0.01206140350877193
0 0.7461622807017544 0.7587719298245614 0.007949561403508772 0.010964912280701754
0 0.7669956140350878 0.4824561403508772 0.006578947368421052 0.008771929824561403
0 0.7700109649122807 0.764985380116959 0.008771929824561403 0.012426900584795321
0 0.7828947368421053 0.4685672514619883 0.006030701754385965 0.008771929824561403
0 0.8473135964912281 0.7262426900584795 0.00932017543859649 0.009502923976608187
0 0.9783442982456141 0.6081871345029239 0.009046052631578948 0.011695906432748537
