0 0.0062134502923976605 0.7752192982456141 0.012426900584795321 0.012883771929824562
0 0.006578947368421052 0.5317982456140351 0.013888888888888888 0.010964912280701754
0 0.006578947368421052 0.5326206140350878 0.013157894736842105 0.008223684210526315
0 0.007675438596491228 0.36403508771929827 0.011695906432748537 0.009594298245614035
0 0.009502923976608187 0.5320723684210527 0.019005847953216373 0.010964912280701754
0 0.011330409356725146 0.375 0.012792397660818713 0.00849780701754386
0 0.012792397660818713 0.3881578947368421 0.013157894736842105 0.01206140350877193
0 0.015350877192982455 0.28618421052631576 0.00804093567251462 0.006578947368421052
0 0.01644736842105263 0.32456140350877194 0.009868421052631578 0.007675438596491228
0 0.017543859649122806 0.6927083333333334 0.017543859649122806 0.015625
0 0.01827485380116959 0.38980263157894735 0.010964912280701754 0.013157894736842105
0 0.01864035087719298 0.3188048245614035 0.009137426900584795 0.006304824561403508
0 0.025950292397660817 0.4043311403508772 0.01425438596491228 0.00932017543859649
0 0.029970760233918127 0.38898026315789475 0.013888888888888888 0.010416666666666666
0 0.03070175438596491 0.5178179824561403 0.013157894736842105 0.00932017543859649
0 0.03179824561403509 0.6894188596491229 0.019005847953216373 0.01699561403508772
0 0.03216374269005848 0.49890350877192985 0.021198830409356724 0.015625
0 0.03728070175438596 0.4777960526315789 0.02266081871345029 0.01836622807017544
0 0.03874269005847953 0.3366228070175439 0.01023391812865497 0.009594298245614035
0 0.05007309941520468 0.5619517543859649 0.024853801169590642 0.018092105263157895
0 0.05299707602339181 0.48739035087719296 0.02046783625730994 0.01836622807017544
0 0.057383040935672515 0.606359649122807 0.02631578947368421 0.019736842105263157
0 0.059941520467836254 0.5767543859649122 0.023391812865497075 0.017269736842105265
0 0.06323099415204679 0.46189692982456143 0.01827485380116959 0.01069078947368421
0 0.07054093567251463 0.6211622807017544 0.024853801169590642 0.01836622807017544
0 0.07492690058479533 0.6047149122807017 0.015350877192982455 0.012883771929824562
0 0.07858187134502924 0.48410087719298245 0.015350877192982455 0.009868421052631578
0 0.07967836257309942 0.27247807017543857 0.010599415204678362 0.008223684210526315
0 0.08150584795321637 0.5748355263157895 0.015716374269005847 0.010416666666666666
0 0.08552631578947369 0.5858004385964912 0.020833333333333332 0.017269736842105265
0 0.0891812865497076 0.5197368421052632 0.029239766081871343 0.012609649122807017
0 0.08991228070175439 0.5197368421052632 0.021929824561403508 0.011239035087719298
0 0.09100877192982457 0.5098684210526315 0.027046783625730993 0.015625
0 0.10562865497076024 0.3793859649122807 0.01608187134502924 0.014802631578947368
0 0.11403508771929824 0.3678728070175439 0.015350877192982455 0.012609649122807017
0 0.11988304093567251 0.48081140350877194 0.017178362573099414 0.011787280701754386
0 0.12646198830409358 0.5625 0.02046783625730994 0.015350877192982455
0 0.12719298245614036 0.5600328947368421 0.02266081871345029 0.021929824561403508
0 0.12792397660818713 0.5529057017543859 0.019005847953216373 0.008771929824561403
0 0.12792397660818713 0.5578399122807017 0.021198830409356724 0.015625
0 0.1290204678362573 0.3659539473684211 0.01608187134502924 0.015076754385964912
0 0.13267543859649122 0.40981359649122806 0.01425438596491228 0.013706140350877192
0 0.13267543859649122 0.48135964912280704 0.014985380116959063 0.012883771929824562
0 0.1337719298245614 0.33826754385964913 0.01608187134502924 0.013157894736842105
0 0.13450292397660818 0.5731907894736842 0.02266081871345029 0.01699561403508772
0 0.13669590643274854 0.5394736842105263 0.021929824561403508 0.01644736842105263
0 0.1388888888888889 0.3991228070175439 0.01608187134502924 0.013157894736842105
0 0.13961988304093567 0.34457236842105265 0.013157894736842105 0.010416666666666666
0 0.1425438596491228 0.3919956140350877 0.011695906432748537 0.008771929824561403
0 0.1425438596491228 0.5474232456140351 0.01608187134502924 0.01343201754385965
0 0.1440058479532164 0.3363486842105263 0.013888888888888888 0.011239035087719298
0 0.14912280701754385 0.47478070175438597 0.015350877192982455 0.013157894736842105
0 0.15021929824561403 0.3667763157894737 0.014619883040935672 0.011513157894736841
0 0.1513157894736842 0.3199013157894737 0.014985380116959063 0.013706140350877192
0 0.1513157894736842 0.5792214912280702 0.019005847953216373 0.015899122807017545
0 0.15204678362573099 0.3495065789473684 0.01608187134502924 0.009594298245614035
0 0.15497076023391812 0.39747807017543857 0.013157894736842105 0.010142543859649123
0 0.15570175438596492 0.35855263157894735 0.01608187134502924 0.010416666666666666
0 0.15570175438596492 0.5235745614035088 0.01425438596491228 0.008771929824561403
0 0.15826023391812866 0.38843201754385964 0.013523391812865496 0.00932017543859649
0 0.15899122807017543 0.5381030701754386 0.013157894736842105 0.010964912280701754
0 0.16593567251461988 0.33497807017543857 0.01864035087719298 0.012335526315789474
0 0.17068713450292397 0.3892543859649123 0.01644736842105263 0.01206140350877193
0 0.17580409356725146 0.4180372807017544 0.01425438596491228 0.012609649122807017
0 0.17653508771929824 0.4281798245614035 0.015716374269005847 0.011787280701754386
0 0.179093567251462 0.4067982456140351 0.013888888888888888 0.010964912280701754
0 0.18603801169590642 0.39172149122807015 0.01864035087719298 0.015899122807017545
0 0.18859649122807018 0.503015350877193 0.01608187134502924 0.014802631578947368
0 0.18896198830409358 0.4133771929824561 0.01827485380116959 0.015625
0 0.19480994152046785 0.5180921052631579 0.014985380116959063 0.013157894736842105
0 0.19992690058479531 0.26672149122807015 0.019005847953216373 0.011513157894736841
0 0.20029239766081872 0.4610745614035088 0.009868421052631578 0.009594298245614035
0 0.20942982456140352 0.512609649122807 0.014619883040935672 0.013157894736842105
0 0.2134502923976608 0.27905701754385964 0.009868421052631578 0.007675438596491228
0 0.21710526315789475 0.26672149122807015 0.01864035087719298 0.010964912280701754
0 0.22039473684210525 0.5084978070175439 0.016812865497076022 0.013980263157894737
0 0.22551169590643275 0.4887609649122807 0.015350877192982455 0.011787280701754386
0 0.23391812865497075 0.5049342105263158 0.015716374269005847 0.009868421052631578
0 0.2361111111111111 0.3026315789473684 0.021929824561403508 0.01206140350877193
0 0.24049707602339182 0.33086622807017546 0.014619883040935672 0.008223684210526315
0 0.24671052631578946 0.4575109649122807 0.011695906432748537 0.009594298245614035
0 0.24817251461988304 0.5619517543859649 0.013157894736842105 0.013706140350877192
0 0.25 0.34676535087719296 0.01206140350877193 0.012609649122807017
0 0.25511695906432746 0.5531798245614035 0.01644736842105263 0.010142543859649123
0 0.2638888888888889 0.38514254385964913 0.011695906432748537 0.011513157894736841
0 0.26535087719298245 0.3111293859649123 0.011330409356725146 0.011239035087719298
0 0.26571637426900585 0.5603070175438597 0.013157894736842105 0.00932017543859649
0 0.2711988304093567 0.4624451754385965 0.013157894736842105 0.009868421052631578
0 0.27595029239766083 0.3177083333333333 0.010599415204678362 0.009594298245614035
0 0.2781432748538012 0.30893640350877194 0.011695906432748537 0.010142543859649123
0 0.27960526315789475 0.549890350877193 0.013523391812865496 0.011239035087719298
0 0.27960526315789475 0.5583881578947368 0.01827485380116959 0.011513157894736841
0 0.28399122807017546 0.5734649122807017 0.014619883040935672 0.01206140350877193
0 0.285453216374269 0.3190789473684211 0.01023391812865497 0.012335526315789474
0 0.2894736842105263 0.46326754385964913 0.016812865497076022 0.01699561403508772
0 0.2942251461988304 0.36622807017543857 0.013157894736842105 0.011513157894736841
0 0.2942251461988304 0.44106359649122806 0.013523391812865496 0.014528508771929825
0 0.29641812865497075 0.48026315789473684 0.017543859649122806 0.01617324561403509
0 0.29641812865497075 0.4906798245614035 0.012792397660818713 0.009868421052631578
0 0.2982456140350877 0.4257127192982456 0.019736842105263157 0.013157894736842105
0 0.2997076023391813 0.5093201754385965 0.02412280701754386 0.021929824561403508
0 0.3026315789473684 0.5572916666666666 0.01827485380116959 0.01836622807017544
0 0.3029970760233918 0.5101425438596491 0.015350877192982455 0.01918859649122807
0 0.3055555555555556 0.4824561403508772 0.007309941520467836 0.00932017543859649
0 0.30701754385964913 0.4725877192982456 0.013157894736842105 0.012609649122807017
0 0.3125 0.23382675438596492 0.014619883040935672 0.010416666666666666
0 0.3161549707602339 0.22807017543859648 0.011695906432748537 0.010964912280701754
0 0.3161549707602339 0.4292763157894737 0.011695906432748537 0.010416666666666666
0 0.31761695906432746 0.17105263157894737 0.013157894736842105 0.013980263157894737
0 0.3220029239766082 0.28426535087719296 0.015350877192982455 0.013157894736842105
0 0.32383040935672514 0.34402412280701755 0.007309941520467836 0.007675438596491228
0 0.3252923976608187 0.23574561403508773 0.012792397660818713 0.00712719298245614
0 0.32821637426900585 0.3215460526315789 0.013523391812865496 0.010964912280701754
0 0.3304093567251462 0.2738486842105263 0.011330409356725146 0.009594298245614035
0 0.3307748538011696 0.33415570175438597 0.011330409356725146 0.01343201754385965
0 0.33114035087719296 0.3508771929824561 0.013523391812865496 0.01069078947368421
0 0.33223684210526316 0.5542763157894737 0.013888888888888888 0.012609649122807017
0 0.3336988304093567 0.2911184210526316 0.013523391812865496 0.009046052631578948
0 0.3362573099415205 0.5076754385964912 0.016812865497076022 0.012609649122807017
0 0.3366228070175439 0.2637061403508772 0.014619883040935672 0.013157894736842105
0 0.3369883040935672 0.18777412280701755 0.012792397660818713 0.010142543859649123
0 0.34173976608187134 0.30783991228070173 0.014619883040935672 0.013980263157894737
0 0.34173976608187134 0.5413925438596491 0.013523391812865496 0.012609649122807017
0 0.34210526315789475 0.24232456140350878 0.015350877192982455 0.01069078947368421
0 0.3432017543859649 0.1962719298245614 0.014619883040935672 0.013980263157894737
0 0.35014619883040937 0.25027412280701755 0.013888888888888888 0.013157894736842105
0 0.3527046783625731 0.509046052631579 0.016812865497076022 0.011513157894736841
0 0.35562865497076024 0.5290570175438597 0.014985380116959063 0.012883771929824562
0 0.35855263157894735 0.24780701754385964 0.013157894736842105 0.007949561403508772
0 0.35891812865497075 0.23985745614035087 0.014619883040935672 0.012335526315789474
0 0.35928362573099415 0.41118421052631576 0.014619883040935672 0.011239035087719298
0 0.3611111111111111 0.2612390350877193 0.011330409356725146 0.01069078947368421
0 0.3611111111111111 0.4457236842105263 0.013888888888888888 0.012883771929824562
0 0.3614766081871345 0.5082236842105263 0.014619883040935672 0.01425438596491228
0 0.3622076023391813 0.4583333333333333 0.014619883040935672 0.015350877192982455
0 0.36330409356725146 0.5298793859649122 0.011330409356725146 0.010416666666666666
0 0.36622807017543857 0.2722039473684211 0.010964912280701754 0.010416666666666666
0 0.36659356725146197 0.42406798245614036 0.013157894736842105 0.012335526315789474
0 0.36951754385964913 0.2393092105263158 0.013523391812865496 0.010142543859649123
0 0.3709795321637427 0.25356359649122806 0.01425438596491228 0.013157894736842105
0 0.37244152046783624 0.3588267543859649 0.009502923976608187 0.008223684210526315
0 0.37353801169590645 0.40597587719298245 0.019005847953216373 0.01699561403508772
0 0.37646198830409355 0.4517543859649123 0.010964912280701754 0.011239035087719298
0 0.3815789473684211 0.25356359649122806 0.009502923976608187 0.008223684210526315
0 0.3826754385964912 0.22861842105263158 0.012792397660818713 0.011787280701754386
0 0.38596491228070173 0.42269736842105265 0.01425438596491228 0.008223684210526315
0 0.3885233918128655 0.18201754385964913 0.012426900584795321 0.013157894736842105
0 0.3892543859649123 0.21134868421052633 0.009502923976608187 0.011513157894736841
0 0.40350877192982454 0.4174890350877193 0.019736842105263157 0.010416666666666666
0 0.4064327485380117 0.23519736842105263 0.01023391812865497 0.011239035087719298
0 0.4071637426900585 0.5476973684210527 0.013157894736842105 0.010142543859649123
0 0.4093567251461988 0.44161184210526316 0.014985380116959063 0.01206140350877193
0 0.4100877192982456 0.2080592105263158 0.011695906432748537 0.011513157894736841
0 0.4155701754385965 0.25959429824561403 0.00804093567251462 0.00712719298245614
0 0.4195906432748538 0.45778508771929827 0.014619883040935672 0.013980263157894737
0 0.4203216374269006 0.2631578947368421 0.0062134502923976605 0.00712719298245614
0 0.4228801169590643 0.5027412280701754 0.01608187134502924 0.01644736842105263
0 0.42580409356725146 0.18009868421052633 0.010599415204678362 0.010142543859649123
0 0.42616959064327486 0.1474780701754386 0.00804093567251462 0.006030701754385965
0 0.4269005847953216 0.1543311403508772 0.013888888888888888 0.013157894736842105
0 0.4309210526315789 0.46600877192982454 0.01425438596491228 0.012883771929824562
0 0.4378654970760234 0.14665570175438597 0.01608187134502924 0.010964912280701754
0 0.4382309941520468 0.5054824561403509 0.017178362573099414 0.013157894736842105
0 0.43932748538011696 0.4980811403508772 0.015350877192982455 0.011239035087719298
0 0.4411549707602339 0.45614035087719296 0.012426900584795321 0.01206140350877193
0 0.44261695906432746 0.18475877192982457 0.015716374269005847 0.009868421052631578
0 0.44883040935672514 0.5331688596491229 0.011330409356725146 0.01425438596491228
0 0.44992690058479534 0.4468201754385965 0.012792397660818713 0.011239035087719298
0 0.4517543859649123 0.565515350877193 0.01425438596491228 0.009868421052631578
0 0.45285087719298245 0.4849232456140351 0.014619883040935672 0.013157894736842105
0 0.45358187134502925 0.19298245614035087 0.013157894736842105 0.013157894736842105
0 0.4594298245614035 0.3963815789473684 0.013157894736842105 0.01069078947368421
0 0.4619883040935672 0.4048793859649123 0.010964912280701754 0.012335526315789474
0 0.46308479532163743 0.5339912280701754 0.020833333333333332 0.01206140350877193
0 0.46747076023391815 0.6428179824561403 0.01206140350877193 0.010416666666666666
0 0.47149122807017546 0.32456140350877194 0.013523391812865496 0.01206140350877193
0 0.47368421052631576 0.30180921052631576 0.014619883040935672 0.01206140350877193
0 0.47368421052631576 0.46408991228070173 0.013157894736842105 0.011239035087719298
0 0.47514619883040937 0.6469298245614035 0.01023391812865497 0.009594298245614035
0 0.4758771929824561 0.3569078947368421 0.013523391812865496 0.01206140350877193
0 0.47953216374269003 0.24588815789473684 0.00804093567251462 0.00849780701754386
0 0.4861111111111111 0.2963267543859649 0.015350877192982455 0.010416666666666666
0 0.4861111111111111 0.575109649122807 0.013888888888888888 0.013980263157894737
0 0.4926900584795322 0.3481359649122807 0.011330409356725146 0.012609649122807017
0 0.4959795321637427 0.3355263157894737 0.009868421052631578 0.006853070175438596
0 0.49817251461988304 0.328125 0.011695906432748537 0.012609649122807017
0 0.501827485380117 0.22807017543859648 0.007309941520467836 0.007675438596491228
0 0.5047514619883041 0.33826754385964913 0.012426900584795321 0.011513157894736841
0 0.5054824561403509 0.6148574561403509 0.009502923976608187 0.011787280701754386
0 0.5095029239766082 0.23190789473684212 0.019371345029239765 0.01069078947368421
0 0.5109649122807017 0.22478070175438597 0.014985380116959063 0.01069078947368421
0 0.5116959064327485 0.24725877192982457 0.013157894736842105 0.011239035087719298
0 0.5127923976608187 0.265625 0.012426900584795321 0.015076754385964912
0 0.5138888888888888 0.23739035087719298 0.011330409356725146 0.009594298245614035
0 0.5138888888888888 0.28152412280701755 0.010964912280701754 0.010142543859649123
0 0.5142543859649122 0.36239035087719296 0.010599415204678362 0.010964912280701754
0 0.5179093567251462 0.35471491228070173 0.010964912280701754 0.009594298245614035
0 0.5222953216374269 0.23218201754385964 0.008771929824561403 0.00849780701754386
0 0.5237573099415205 0.5709978070175439 0.012426900584795321 0.012883771929824562
0 0.5244883040935673 0.37335526315789475 0.009137426900584795 0.009594298245614035
0 0.5266812865497076 0.24013157894736842 0.01644736842105263 0.00849780701754386
0 0.5274122807017544 0.3618421052631579 0.012426900584795321 0.012609649122807017
0 0.5277777777777778 0.26343201754385964 0.011330409356725146 0.010964912280701754
0 0.5339912280701754 0.2519188596491228 0.012792397660818713 0.00932017543859649
0 0.5339912280701754 0.3360745614035088 0.0062134502923976605 0.008223684210526315
0 0.5343567251461988 0.234375 0.011695906432748537 0.011787280701754386
0 0.5372807017543859 0.42735745614035087 0.012426900584795321 0.010142543859649123
0 0.5391081871345029 0.36430921052631576 0.01023391812865497 0.010142543859649123
0 0.5405701754385965 0.37335526315789475 0.012426900584795321 0.010964912280701754
0 0.5409356725146199 0.5603070175438597 0.01425438596491228 0.010142543859649123
0 0.5449561403508771 0.34457236842105265 0.009137426900584795 0.008223684210526315
0 0.5460526315789473 0.4446271929824561 0.009502923976608187 0.012883771929824562
0 0.5508040935672515 0.3667763157894737 0.014619883040935672 0.00932017543859649
0 0.5650584795321637 0.3092105263157895 0.01425438596491228 0.011239035087719298
0 0.5818713450292398 0.3813048245614035 0.009868421052631578 0.010964912280701754
0 0.5844298245614035 0.36293859649122806 0.00804093567251462 0.00849780701754386
0 0.5847953216374269 0.4427083333333333 0.01023391812865497 0.010142543859649123
0 0.5884502923976608 0.6151315789473685 0.009868421052631578 0.01206140350877193
0 0.5888157894736842 0.38760964912280704 0.010964912280701754 0.010142543859649123
0 0.5921052631578947 0.4375 0.010964912280701754 0.010142543859649123
0 0.5932017543859649 0.5074013157894737 0.014619883040935672 0.013706140350877192
0 0.596125730994152 0.42543859649122806 0.011695906432748537 0.010416666666666666
0 0.6012426900584795 0.5123355263157895 0.012426900584795321 0.01206140350877193
0 0.6081871345029239 0.5079495614035088 0.01206140350877193 0.012609649122807017
0 0.6129385964912281 0.4610745614035088 0.008771929824561403 0.009868421052631578
0 0.6151315789473685 0.5213815789473685 0.011695906432748537 0.010142543859649123
0 0.6154970760233918 0.4213267543859649 0.01023391812865497 0.01206140350877193
0 0.6162280701754386 0.44435307017543857 0.014985380116959063 0.012883771929824562
0 0.6202485380116959 0.5178179824561403 0.012426900584795321 0.010416666666666666
0 0.6209795321637427 0.48739035087719296 0.017909356725146198 0.009594298245614035
0 0.6253654970760234 0.42297149122807015 0.011330409356725146 0.012609649122807017
0 0.6304824561403509 0.1337719298245614 0.010964912280701754 0.010964912280701754
0 0.6337719298245614 0.5646929824561403 0.01206140350877193 0.00932017543859649
0 0.6352339181286549 0.45614035087719296 0.009137426900584795 0.011239035087719298
0 0.6388888888888888 0.4468201754385965 0.013523391812865496 0.011239035087719298
0 0.6396198830409356 0.5550986842105263 0.009137426900584795 0.007949561403508772
0 0.6465643274853801 0.522203947368421 0.009868421052631578 0.010416666666666666
0 0.6546052631578947 0.6022478070175439 0.010964912280701754 0.007675438596491228
0 0.6564327485380117 0.5389254385964912 0.012792397660818713 0.01069078947368421
0 0.6600877192982456 0.32127192982456143 0.010964912280701754 0.010416666666666666
0 0.6655701754385965 0.5671600877192983 0.011330409356725146 0.010416666666666666
0 0.6703216374269005 0.044956140350877194 0.012426900584795321 0.013157894736842105
0 0.6787280701754386 0.4731359649122807 0.011330409356725146 0.010416666666666666
0 0.6816520467836257 0.3607456140350877 0.008771929824561403 0.007949561403508772
0 0.6816520467836257 0.39747807017543857 0.007309941520467836 0.00712719298245614
0 0.6864035087719298 0.5668859649122807 0.010964912280701754 0.006578947368421052
0 0.6878654970760234 0.1474780701754386 0.01023391812865497 0.00849780701754386
0 0.6911549707602339 0.43201754385964913 0.011695906432748537 0.00712719298245614
0 0.6918859649122807 0.44051535087719296 0.013523391812865496 0.009594298245614035
0 0.6951754385964912 0.15405701754385964 0.010964912280701754 0.010964912280701754
0 0.6984649122807017 0.30235745614035087 0.005847953216374269 0.008771929824561403
0 0.7021198830409356 0.6458333333333334 0.012426900584795321 0.012609649122807017
0 0.70796783625731 0.2982456140350877 0.010964912280701754 0.008223684210526315
0 0.7156432748538012 0.5337171052631579 0.008771929824561403 0.007949561403508772
0 0.7156432748538012 0.5416666666666666 0.01023391812865497 0.010142543859649123
0 0.7189327485380117 0.48711622807017546 0.010964912280701754 0.008771929824561403
0 0.7192982456140351 0.16968201754385964 0.010964912280701754 0.008223684210526315
0 0.7200292397660819 0.35252192982456143 0.009137426900584795 0.007675438596491228
0 0.7207602339181286 0.3656798245614035 0.010964912280701754 0.008771929824561403
0 0.7225877192982456 0.1680372807017544 0.01206140350877193 0.01206140350877193
0 0.7225877192982456 0.34676535087719296 0.010964912280701754 0.00712719298245614
0 0.7269736842105263 0.5408442982456141 0.010599415204678362 0.010416666666666666
0 0.72953216374269 0.48848684210526316 0.013888888888888888 0.006578947368421052
0 0.731359649122807 0.5328947368421053 0.00804093567251462 0.009594298245614035
0 0.731359649122807 0.5490679824561403 0.01206140350877193 0.009868421052631578
0 0.7324561403508771 0.2993421052631579 0.012426900584795321 0.012335526315789474
0 0.7331871345029239 0.2431469298245614 0.01206140350877193 0.011787280701754386
0 0.7331871345029239 0.3423793859649123 0.01206140350877193 0.009594298245614035
0 0.7331871345029239 0.6762609649122807 0.012792397660818713 0.011787280701754386
0 0.748172514619883 0.39172149122807015 0.01023391812865497 0.008771929824561403
0 0.7489035087719298 0.1162280701754386 0.009502923976608187 0.01343201754385965
0 0.7496345029239766 0.7003837719298246 0.010599415204678362 0.007949561403508772
0 0.7521929824561403 0.4616228070175439 0.008406432748538011 0.009594298245614035
0 0.7540204678362573 0.6507675438596491 0.011330409356725146 0.010964912280701754
0 0.7580409356725146 0.5874451754385965 0.012426900584795321 0.010416666666666666
0 0.7646198830409356 0.30756578947368424 0.012792397660818713 0.007949561403508772
0 0.7657163742690059 0.4303728070175439 0.010599415204678362 0.006030701754385965
0 0.7668128654970761 0.35855263157894735 0.01023391812865497 0.008771929824561403
0 0.7668128654970761 0.4369517543859649 0.009137426900584795 0.006304824561403508
0 0.7668128654970761 0.5912828947368421 0.013157894736842105 0.010964912280701754
0 0.7722953216374269 0.6524122807017544 0.008771929824561403 0.00932017543859649
0 0.7748538011695907 0.43256578947368424 0.010964912280701754 0.00712719298245614
0 0.7777777777777778 0.49040570175438597 0.012792397660818713 0.01069078947368421
0 0.7821637426900585 0.6356907894736842 0.011695906432748537 0.01069078947368421
0 0.7887426900584795 0.5016447368421053 0.013523391812865496 0.010416666666666666
0 0.793859649122807 0.390625 0.011695906432748537 0.009868421052631578
0 0.7956871345029239 0.4928728070175439 0.01425438596491228 0.010142543859649123
0 0.7971491228070176 0.5767543859649122 0.010599415204678362 0.009594298245614035
0 0.7982456140350878 0.4388706140350877 0.009502923976608187 0.009046052631578948
0 0.8019005847953217 0.5013706140350878 0.011330409356725146 0.00849780701754386
0 0.8037280701754386 0.5792214912280702 0.01206140350877193 0.011239035087719298
0 0.8095760233918129 0.4928728070175439 0.013888888888888888 0.01069078947368421
0 0.814327485380117 0.03618421052631579 0.013888888888888888 0.013157894736842105
0 0.8172514619883041 0.46463815789473684 0.010964912280701754 0.010142543859649123
0 0.8252923976608187 0.6641995614035088 0.011695906432748537 0.011239035087719298
0 0.8263888888888888 0.02055921052631579 0.01608187134502924 0.013980263157894737
0 0.8263888888888888 0.6740679824561403 0.01206140350877193 0.011513157894736841
0 0.8278508771929824 0.42790570175438597 0.01023391812865497 0.00932017543859649
0 0.8296783625730995 0.6011513157894737 0.013888888888888888 0.00849780701754386
0 0.8300438596491229 0.10389254385964912 0.016812865497076022 0.015899122807017545
0 0.8336988304093568 0.6683114035087719 0.010964912280701754 0.008223684210526315
0 0.8373538011695907 0.4331140350877193 0.011695906432748537 0.009046052631578948
0 0.8388157894736842 0.36403508771929827 0.008771929824561403 0.009868421052631578
0 0.841374269005848 0.7138157894736842 0.021564327485380116 0.017269736842105265
0 0.8424707602339181 0.09978070175438597 0.014619883040935672 0.012609649122807017
0 0.8585526315789473 0.40542763157894735 0.008771929824561403 0.008771929824561403
0 0.8636695906432749 0.41776315789473684 0.010599415204678362 0.009046052631578948
0 0.8658625730994152 0.42680921052631576 0.011330409356725146 0.00712719298245614
0 0.8687865497076024 0.6883223684210527 0.014619883040935672 0.012883771929824562
0 0.8728070175438597 0.4224232456140351 0.009137426900584795 0.00849780701754386
0 0.8739035087719298 0.518640350877193 0.011695906432748537 0.011239035087719298
0 0.8760964912280702 0.5986842105263158 0.009502923976608187 0.008771929824561403
0 0.8775584795321637 0.3519736842105263 0.009502923976608187 0.00712719298245614
0 0.8848684210526315 0.35581140350877194 0.009868421052631578 0.007401315789473684
0 0.8885233918128655 0.48519736842105265 0.012792397660818713 0.009594298245614035
0 0.8947368421052632 0.5169956140350878 0.010964912280701754 0.00932017543859649
0 0.8980263157894737 0.7648026315789473 0.011695906432748537 0.01206140350877193
0 0.9115497076023392 0.2982456140350877 0.010599415204678362 0.011787280701754386
0 0.9144736842105263 0.5797697368421053 0.01206140350877193 0.010416666666666666
0 0.9258040935672515 0.5844298245614035 0.011330409356725146 0.011239035087719298
0 0.9258040935672515 0.7231359649122807 0.015350877192982455 0.014802631578947368
0 0.9338450292397661 0.30948464912280704 0.01425438596491228 0.009594298245614035
0 0.935672514619883 0.7162828947368421 0.01425438596491228 0.010416666666666666
0 0.944078947368421 0.5479714912280702 0.012426900584795321 0.011513157894736841
0 0.9448099415204678 0.6208881578947368 0.013888888888888888 0.012335526315789474
0 0.9546783625730995 0.5449561403508771 0.011695906432748537 0.01069078947368421
0 0.9660087719298246 0.4465460526315789 0.01206140350877193 0.01069078947368421
0 0.9667397660818714 0.2793311403508772 0.015350877192982455 0.014802631578947368
0 0.9751461988304093 0.5970394736842105 0.013888888888888888 0.010964912280701754
0 0.9758771929824561 0.47752192982456143 0.011330409356725146 0.006578947368421052
0 0.9766081871345029 0.5973135964912281 0.010964912280701754 0.008771929824561403
0 0.97953216374269 0.48519736842105265 0.006944444444444444 0.0043859649122807015
0 0.9839181286549707 0.47971491228070173 0.007309941520467836 0.006578947368421052
